1396
9
1710
384
1735
2579
2981
2584
660
2304
1459
1977
1002
2413
844
1815
874
1832
2510
712
2917
2626
143
1392
858
1234
2958
2114
906
2775
16
2627
541
1316
706
610
1984
2655
505
2538
2014
21
2621
191
2860
2736
2426
2766
2311
1949
2740
608
929
657
1842
644
1277
230
1819
2010
2634
1555
274
44
857
2589
2031
2435
1386
678
1262
863
2842
2801
2415
1590
401
1686
1522
1206
594
156
379
1187
380
739
1993
2094
225
1854
2317
831
1496
419
1515
326
1488
201
1658
2487
709
1427
435
2956
2862
2842
604
1447
2762
1195
2081
825
899
1939
1464
381
1803
212
2482
1129
1808
1525
105
921
2703
889
191
1838
1227
2477
1494
2784
1526
177
2571
1826
1802
1439
657
755
1976
2741
1571
2931
1177
2031
34
2922
611
2913
848
1416
1898
1464
2539
649
2101
1227
880
2745
1644
2414
2621
754
857
2912
1505
1941
241
1015
2451
2303
996
2105
1708
2534
550
1302
336
1900
1542
2273
2950
1986
762
620
2394
1571
2749
2549
3
677
2874
1585
673
2962
356
2009
1513
2437
2262
1297
991
1676
790
825
1774
2077
244
2669
1811
452
2488
1750
1625
2869
2125
1212
1916
759
2115
96
312
1953
1079
1205
970
410
2901
950
29
2259
2810
2895
113
2378
562
1636
2711
2090
524
1669
246
1416
40
1618
1500
2889
1009
377
955
2637
1110
2678
512
1263
1218
785
1685
2628
2975
598
271
441
2586
733
209
2449
1421
1114
1475
906
629
2109
2773
1520
2112
1224
179
2756
2118
2190
2251
2195
1079
1003
68
2134
1061
2794
1236
1155
1187
2596
740
2201
1370
2318
2763
1425
46
2955
2514
873
2559
462
1590
1055
307
2234
1878
553
797
1667
2877
2915
2994
1221
1358
2184
1019
2596
1058
2805
1169
2198
2863
774
2669
499
1399
839
1433
1979
2898
1277
632
1986
1962
721
1585
960
871
1198
801
1378
1460
2749
588
637
2843
2358
2898
1109
2051
1454
1664
2064
1301
1165
2220
1289
930
1742
2626
657
137
769
1767
405
2395
1688
1142
2489
1756
2525
346
847
2827
2222
542
376
1180
1892
1564
2019
731
2363
572
1032
1586
2294
986
87
2920
1540
506
909
532
2009
55
646
1271
507
1121
2909
239
1114
1186
378
2357
1897
663
269
1174
1548
2822
2581
2457
444
741
637
572
1844
2587
2231
2373
2880
1337
370
1644
2780
2193
1760
2350
2338
2418
2388
2071
94
1786
1856
796
1385
228
2850
1030
608
2643
1729
2087
2631
816
2183
2065
1402
1341
1833
2326
1968
2210
2572
2149
1865
1120
981
1488
1390
2512
236
107
62
2194
1452
1738
1099
2524
2438
416
1188
956
1890
1287
2586
1854
2242
452
310
110
2520
887
2842
2336
825
1613
1002
154
789
165
1866
832
1513
1828
552
1289
2811
1020
957
2884
2321
2216
2960
1782
2164
2876
684
1183
2008
1830
878
2655
160
185
128
749
1692
2316
1730
2785
2050
2490
847
710
145
491
475
2314
1213
1565
1716
2845
2880
2312
180
1067
2713
1477
2162
1666
2383
812
2518
1411
223
1746
1645
370
2684
2079
2260
898
2857
100
2063
2343
208
1955
2429
92
1837
421
825
620
2890
164
246
2722
1250
1988
176
1191
1348
2678
2638
2921
2984
2349
270
2932
410
1845
1554
386
1078
1095
2014
565
2720
1822
177
1475
173
1926
2987
2292
333
2367
1716
2530
40
1736
1311
2822
278
568
1536
1878
2929
2261
141
526
1660
1954
2671
1986
1371
2009
2454
2587
1902
1706
665
49
1487
2941
258
1224
590
262
81
118
2241
1894
59
623
539
292
2028
1105
865
781
477
35
1891
1909
418
1486
360
73
211
2404
1997
2259
1988
2616
938
2629
461
1803
517
691
1813
463
2148
1031
345
2367
916
1397
323
2695
634
145
372
90
2375
2943
2315
214
946
1367
2632
2627
1196
840
560
1223
1675
291
2083
151
2289
774
610
673
2200
1087
2502
869
1599
2522
742
2640
1695
627
822
701
1546
139
2191
262
935
2192
1066
2569
960
899
56
1277
2559
1224
1532
2413
628
359
1707
133
2990
2996
245
105
1086
680
1463
514
786
2623
1269
1389
1780
1178
2189
529
552
1472
1893
684
2325
1009
15
2801
780
1317
2545
724
2212
1673
762
2332
2202
1540
2408
2961
1459
173
2502
1622
1581
291
124
1482
46
1669
2560
1187
602
2744
233
2815
565
1101
882
2056
1772
730
2981
1944
2871
1225
1006
1728
1822
124
2977
735
2444
1923
2534
1787
1301
1062
657
1439
2158
1053
2782
135
1213
1969
1560
2964
2916
2072
1778
775
1849
730
1632
1410
2585
1881
2172
398
2905
2580
2576
482
964
1493
2148
2508
1808
2294
100
207
1035
1737
577
615
61
2891
2513
1396
1201
2279
1557
2275
1404
633
2007
2805
2942
832
1760
2814
1832
191
1577
2581
888
2089
2840
1061
1986
1483
1228
595
2789
1407
983
975
2525
1697
2067
829
329
2304
2383
1539
2949
857
259
1803
2785
1779
627
4
1885
544
16
101
266
2108
41
2800
2323
1287
1870
2400
2035
471
996
779
2568
2425
1133
1562
1086
2115
251
1850
1001
829
1249
1362
2504
1153
1477
1915
1631
1464
1037
842
1115
1512
430
1427
1461
861
808
1976
1874
1592
448
1230
612
131
1741
1657
2533
2600
1767
2596
355
2294
1585
99
162
1197
1316
1637
1433
1985
2283
2382
423
468
2666
1946
1671
397
925
1860
912
2740
225
2510
61
1025
364
499
1630
1062
103
1635
720
610
2291
2300
2980
2494
2556
2342
286
2168
2361
1200
2730
796
1871
1194
669
1651
2993
2380
975
1597
1270
2993
2692
908
357
2573
1810
684
1219
399
2992
694
1367
2524
2545
1613
2211
1825
321
445
754
1242
1840
2413
2472
966
1440
1087
662
398
2359
1385
331
2583
685
2927
1396
259
1975
1126
2188
2076
1469
2575
1080
64
1424
2262
347
802
785
2133
2317
1087
51
999
2796
2583
2676
2077
2098
914
686
830
795
1591
1514
1792
648
2580
2881
239
1185
1232
2144
2225
226
1918
1361
2144
973
1729
1811
2393
766
1398
365
973
670
197
603
855
2172
395
150
1432
2012
1387
2532
1767
402
2753
1132
43
297
2438
1647
2692
2090
707
2856
2235
2262
2530
694
1843
2120
1048
823
1077
481
329
726
1254
2731
1505
1950
2785
2758
201
2386
1739
1292
2116
2910
2795
796
1564
2158
1430
2769
2711
1105
293
2665
722
224
775
1649
1639
1887
802
1301
1067
2844
2495
1868
2525
2084
644
488
58
1705
1822
2749
290
2158
2600
2782
1061
400
2277
2765
1339
235
585
1365
1347
1143
338
1576
1652
603
2080
1657
1270
2842
1426
2363
2602
350
1221
1503
870
776
2699
664
2419
93
464
415
141
255
1690
1213
697
1016
2041
1629
2450
1521
447
306
1000
1628
914
2190
401
2256
2479
25
1796
113
121
2767
386
2055
1505
428
2742
1814
417
239
1663
1833
59
2083
753
2262
1982
1953
1443
40
2949
2866
260
2273
2377
1055
2548
1500
1474
2815
2105
255
2280
649
936
1169
779
142
461
2504
311
1416
2388
2712
2071
1481
1280
943
380
1874
204
769
2025
2760
2800
2069
1854
1591
1787
2873
1842
205
2439
2528
2342
1047
2927
2064
2853
1087
1529
2966
2344
2375
1465
2737
655
183
2301
332
1284
1881
1626
2610
2984
2590
957
531
1436
2307
2425
559
1570
1711
627
78
2983
510
118
1760
1794
667
575
2324
2420
1949
2618
606
2917
600
2889
972
2457
1435
2611
2227
1704
2237
1504
1170
1932
2576
417
2495
2943
2133
699
1749
2986
481
117
330
361
764
2773
1227
1341
887
699
143
1555
1004
2422
74
2785
1881
491
952
452
115
1386
784
2231
1293
2090
1894
2912
234
2187
508
867
2811
1528
2605
1166
1216
1802
859
2003
1532
1502
1303
795
1573
308
1151
2271
1799
447
2973
85
1080
1997
2161
963
2360
1984
1854
1089
287
1116
1534
1508
85
1820
2368
2883
2400
2729
1762
2111
845
1834
1635
2976
337
768
2959
619
1805
1504
54
2380
2342
982
624
168
924
2240
721
554
2351
1004
2809
901
1351
2027
435
2726
1166
1382
228
2944
1807
2325
1971
76
353
2860
975
1556
1604
403
1806
96
2413
1956
2507
669
1293
2256
1325
881
1467
110
1509
2562
2043
2685
271
1367
41
667
877
1379
886
1711
2098
1098
747
823
2979
1500
2823
2877
661
2487
2662
2894
2984
423
2760
967
2394
796
2247
1713
2675
11
1404
1600
1829
2569
986
1113
1434
2113
2449
1775
470
421
1864
542
1349
556
2509
1001
988
1028
1994
1970
2155
420
1306
1294
727
592
2193
1839
2872
1153
1033
722
2826
184
2741
1040
2660
1793
1576
1837
2757
2644
1877
2010
2031
2500
396
69
1884
819
297
694
2501
1247
2058
169
2616
1568
2126
128
2768
1262
1645
1071
2351
827
2962
2992
2642
519
677
611
1534
706
172
1840
1604
1534
1259
1100
1267
611
1183
975
1682
2392
1095
1361
292
1419
1058
1539
1358
1774
2333
2925
1963
2407
521
693
472
2632
2883
1738
2721
1192
748
281
906
2773
214
1766
2286
142
1043
601
39
2043
290
806
1460
2344
1365
2506
912
2464
55
615
2667
2539
19
2191
1863
548
2452
2972
2994
1367
585
2717
2015
842
336
1494
2715
737
1938
1743
1139
2581
656
2715
2849
2582
1702
2280
781
2585
1560
339
1417
843
2188
2628
905
1257
2708
830
2397
1441
2338
1562
1501
307
160
990
1577
1043
1177
2257
1018
642
831
1596
1960
137
1430
1524
1106
2554
1565
2474
821
855
2839
1267
1354
2067
473
2681
503
2238
2317
2256
441
2521
2198
2282
2851
2422
2415
1710
2343
670
347
2971
66
1211
2852
478
2721
2533
2361
2740
2964
2726
731
710
1312
1801
2377
1631
2026
2620
2257
398
1883
299
2818
430
828
105
1932
2842
1236
2905
189
2724
1018
969
1807
702
1210
1968
74
2805
259
2393
90
2814
716
376
2492
2282
656
1960
1347
1584
232
2015
320
2583
2561
2718
337
1572
1433
2551
1420
2028
1706
2824
1875
143
2674
889
214
2117
53
2659
1414
2327
1964
2839
855
207
691
82
1040
2000
898
676
958
63
2381
313
948
600
624
910
651
2648
1280
1090
1264
1679
267
2768
2169
1923
1632
428
301
2086
2613
2602
2524
251
366
2304
2560
853
2225
2888
1389
2655
2078
1407
1229
326
408
2686
1302
1074
2634
597
777
1015
2546
1240
1403
2967
615
2046
2160
387
479
991
2555
1026
1579
2027
312
2121
509
2565
2264
2457
697
2317
1222
899
2711
716
10
650
1069
507
1908
274
2305
235
54
191
1434
301
440
301
717
529
1828
1142
2059
419
2515
55
2387
1091
366
1029
586
833
1422
1585
1143
968
2689
2234
183
268
2643
2227
1728
2836
144
256
359
2867
2162
2318
1116
2709
2368
2435
2082
1382
7
267
379
632
107
2311
98
2605
111
2198
1241
2644
2535
1614
2025
2043
2172
2990
2346
644
606
1825
2063
902
2103
2038
1424
1306
36
102
133
2757
909
2818
626
976
2841
2289
434
2492
1320
2678
2662
1194
2346
2098
680
1096
2893
2709
689
2350
2804
76
817
2049
359
111
640
419
1545
872
833
1395
857
85
1331
2044
202
536
1030
1461
2110
1992
749
1458
2561
2232
2269
1948
1549
1368
153
2213
442
1909
82
2606
2738
1514
1835
368
1090
1221
875
1121
522
266
1041
1584
2677
2524
1587
343
953
1020
2723
2855
1522
1774
1680
2796
679
1212
1535
1861
16
1995
1023
2137
730
116
522
1863
2728
2693
2571
18
1987
1834
141
1076
709
208
535
402
2002
392
395
926
1791
2188
442
2435
1140
547
1265
2497
727
1831
2514
1806
2547
2284
1763
1411
1307
794
322
116
1307
2832
2039
2993
1648
2187
2539
925
822
20
37
2522
2378
2145
52
429
2847
2492
40
1349
297
229
1123
1127
2233
687
2576
2591
1470
2468
1992
1529
1361
621
12
2810
32
634
2207
1627
811
1585
2399
1521
166
956
555
1182
2897
242
2167
1787
67
1787
2812
542
2514
2694
935
2265
977
89
2930
932
1172
878
272
355
2093
1679
362
1189
531
2867
865
2564
1043
1889
1284
1528
1304
2558
1339
2050
2142
1313
2012
1329
1702
808
2830
565
1095
697
2017
716
2462
2003
1796
2513
66
1152
1814
367
1460
2652
2050
1132
647
2392
1278
475
831
2170
1316
2315
713
1211
260
389
638
2099
2867
2180
204
177
2581
504
883
908
211
2592
1335
1340
2842
362
113
326
1242
2031
1741
51
2033
1263
1672
2389
891
714
1262
2132
1668
832
986
2076
539
26
1041
682
1230
460
210
191
668
1478
473
2390
1044
1907
968
1015
167
898
1946
2581
1329
717
4
1056
1767
2116
1845
1981
2305
180
2079
2574
1681
2819
1436
588
1206
2673
800
1079
2837
896
1347
487
306
44
2837
1726
2069
2551
2630
1329
653
2634
129
999
2197
1029
1403
1034
466
626
1365
2368
2661
2127
2390
1780
556
2264
1175
2295
1886
767
2782
2305
1002
101
2074
126
23
2636
2912
2405
1979
1320
556
1893
1101
964
1409
1897
2676
2671
2209
1125
1673
1246
773
1305
634
496
2215
664
2944
325
1867
2185
2686
615
1123
1221
1378
252
111
2477
629
2535
559
1225
249
2531
1486
2722
1003
1859
1670
1912
1213
1714
291
1134
2658
2503
538
125
2975
1778
289
1700
937
1486
53
1080
2468
1473
558
1698
614
800
1887
2877
2452
2761
2663
1951
1285
623
213
2586
681
2676
987
2730
1445
2615
899
1071
2156
793
625
85
39
2324
2405
926
1048
1170
2822
11
631
497
1054
1302
740
2957
466
2921
1631
2105
115
1721
246
813
2622
834
365
1446
2442
399
1877
2371
2643
2891
1435
2857
2040
751
1373
1992
2015
1154
1302
1751
2869
1821
1483
2862
2275
1331
701
1939
2607
2325
2069
706
2149
593
2893
453
1494
519
977
689
1244
1836
941
2964
2500
50
219
988
265
2914
697
282
881
2905
1170
889
67
1671
893
135
2585
1533
1980
1880
1996
1988
2113
2319
1179
1878
2550
634
2339
2045
2906
917
821
973
229
599
1548
2011
1082
1207
156
2962
1062
2815
402
1113
2554
74
1300
486
847
583
965
1805
834
1334
845
70
1685
1037
867
61
1722
389
1556
1686
1936
2387
1303
1036
465
2639
2217
1283
44
2049
1657
2134
2683
474
388
1946
2094
713
1451
921
1132
2824
1062
697
742
2871
2278
2304
2782
2093
987
1978
2527
1411
2074
53
835
2150
1224
2370
1973
725
150
1095
193
2257
926
1374
46
2026
2543
2664
703
372
2796
1944
2789
2313
2879
1613
1730
2509
2507
2257
329
1413
986
1617
876
2991
2138
18
2639
848
236
21
1546
1480
457
1071
1014
2418
207
734
315
975
2919
2622
1438
2285
1719
2767
2773
675
2094
1308
2545
1152
232
923
1843
1079
2392
1894
2263
2911
864
1950
2795
1537
2037
1913
1759
2695
1486
2512
20
167
2196
683
1906
870
1362
85
68
760
1559
2568
800
1210
2796
2083
1455
1816
71
1396
882
2252
2168
1158
1459
844
417
2047
2024
2461
619
464
1114
2333
2688
1119
2426
1039
2724
2801
210
2312
1476
2497
2332
936
1254
1147
647
1376
1626
943
969
611
1744
2271
1670
2304
2466
1894
240
2912
2042
2068
1847
1603
2312
1546
1857
1764
989
2363
950
1092
1349
2492
2654
1759
887
955
2274
934
2229
886
1741
919
387
101
124
1599
697
2551
587
1458
2788
2063
2698
2025
2429
2189
550
1527
2434
976
2091
1261
2914
1773
1512
2762
1691
2548
467
2763
1633
479
1816
1646
1459
2957
1777
2674
2329
122
1332
1748
1963
44
2783
2174
54
1345
1014
1614
1540
1830
109
1540
1662
2755
1640
174
2908
2718
2611
2737
733
305
2454
2129
1668
2001
2396
176
2866
939
1126
2055
2542
2274
2004
1871
1985
869
1682
1419
2688
2598
1289
2880
690
1332
2685
781
14
1914
1359
486
1140
535
2787
2045
1954
2782
908
1599
2796
2299
296
2567
1882
2796
197
498
504
356
2062
2150
98
135
1927
873
305
308
92
2303
1558
1602
208
501
648
2589
2966
769
157
277
2060
1846
1717
182
721
1560
1029
313
860
349
2656
2442
614
2550
478
936
105
2788
552
747
810
1283
247
2658
434
1139
336
2895
1960
1022
1655
2557
578
1184
2605
2797
1856
2127
2652
958
2280
569
705
321
2448
69
1888
1615
37
159
1523
1687
2650
318
156
1759
2813
1679
1895
1240
1907
2931
2705
681
507
1073
1049
1330
1732
2319
893
603
2348
771
1611
1656
2498
1033
1239
2278
864
1550
1499
2959
1371
2328
1861
2075
329
2401
2599
2012
2492
1832
903
2689
1432
2186
694
25
2460
759
298
280
1749
1879
318
2654
2291
1723
2632
2992
2387
1809
2730
1234
1172
2647
2246
1438
2094
2645
421
2669
2652
2491
2574
1847
1714
1810
2814
1286
2312
520
795
2890
2351
2029
934
2772
2788
2027
1997
171
271
239
2557
290
1072
2171
566
2775
2742
933
1539
422
2812
2116
1816
1594
2752
2079
1188
1425
2124
922
1090
2627
1898
2207
649
494
2803
641
1322
1248
2751
1861
601
2942
1733
2221
1932
271
28
1637
2350
1820
857
1590
2804
2997
1282
1109
1177
2553
1837
2543
2808
1925
1873
1117
2788
2148
211
1169
1469
348
1583
2230
61
407
1127
2744
2401
1943
2706
2214
5
1075
2777
980
928
975
1300
2446
1678
882
1482
778
1832
176
2827
2881
324
264
1713
1703
1887
2193
1069
2137
2737
387
1371
881
2095
933
459
708
1136
212
1952
2993
18
2491
2629
1384
2405
686
2188
553
805
2132
2864
2062
2131
700
1566
1166
2807
2718
2763
742
742
1814
2347
2864
916
2991
2801
1776
1530
2962
1998
1730
2993
552
1437
2886
1683
2956
2477
17
2481
913
2990
1275
2564
566
2465
2747
2841
370
426
571
1416
741
2331
603
264
2923
2801
1738
2297
1168
1371
926
2943
331
2976
2443
391
329
2113
2119
1650
1618
1815
2590
1557
305
1454
614
1359
1713
2449
1782
1413
2846
506
2421
1896
1195
1169
319
2767
656
1674
2678
600
903
2773
1884
638
9
2976
781
610
116
1872
581
1237
2211
1658
1003
2713
2663
804
1443
1806
518
399
250
242
2903
43
1993
668
382
147
1636
1458
1387
820
293
188
542
2128
138
2545
1261
983
958
2869
1139
1326
1762
427
1523
2663
2996
41
1797
1280
2693
1150
1871
2299
87
2949
1299
1160
1141
2117
2363
177
1669
1113
1458
649
2301
2657
2673
2799
848
113
708
1621
99
308
1049
943
744
1417
1138
1791
2986
767
1144
2145
1641
2571
1194
1708
2255
1941
253
1200
1174
2676
2002
2861
858
332
1398
2217
2975
2877
893
141
776
2400
1011
1042
1891
292
672
1628
2956
2539
1962
1966
1218
1784
2120
2193
2689
1265
2186
2351
2153
1755
1768
391
2909
2507
1121
2419
1653
2804
1809
1392
108
490
2135
1621
2760
2649
697
1883
1787
2650
1367
2071
2453
83
1682
733
2029
2446
2720
2309
1470
2424
1587
684
2111
939
1985
394
1443
184
1226
2014
879
2223
2713
569
2597
953
2465
1477
2155
1386
1210
2411
2539
1178
318
1685
218
1545
1259
2977
716
2756
745
29
2454
2145
2361
528
1132
781
2771
2804
1036
824
504
1297
2016
851
378
2574
2388
1423
1648
60
212
277
2495
448
2926
740
2955
504
1051
1235
1447
125
760
1292
965
197
2650
110
819
1531
2626
2763
2277
2262
2162
2320
2118
849
1045
1331
379
2557
2108
1304
2981
2589
2080
2754
1527
1133
1584
2175
1158
2091
175
2738
871
2581
855
2037
1696
2177
792
284
2363
2321
2551
768
861
977
565
2726
1717
2267
2981
1010
1533
1274
2592
731
1596
1397
2110
2696
2543
1536
626
2000
2791
1562
604
1647
1513
1692
984
1160
1610
2630
2820
684
337
1165
16
69
2916
2725
953
1043
130
1540
2375
1348
1031
930
992
749
2617
1723
893
544
1883
403
131
2848
1069
2662
2074
2979
2289
2359
417
351
588
2649
678
2213
1106
2943
1816
1504
2848
1409
2766
2154
622
2880
2281
249
867
2427
1144
2354
2808
2413
889
2275
2056
479
1680
163
1210
2985
1987
2222
1290
1763
157
1464
904
268
2915
184
1065
628
1712
2357
1660
7
200
259
969
2192
286
2608
2535
1835
810
1897
2208
1712
789
812
1145
2845
2264
348
2211
1421
670
2554
2587
923
1233
1500
2840
1429
100
938
1527
988
2862
1075
565
2322
2244
2691
643
2520
186
1538
1515
580
1282
2887
1749
423
802
1370
2227
536
1972
2226
1407
1258
2159
420
764
1522
1325
121
1075
1854
2664
2656
1981
2271
682
501
751
2941
1287
2683
1450
14
282
174
516
1355
225
2794
250
2458
2112
1575
1107
417
966
295
2383
2592
2902
2056
1711
974
333
1065
620
265
218
2496
852
1679
1135
2508
549
893
127
1240
1188
2912
1280
1765
2317
1202
2529
2519
1234
611
2058
1328
61
1965
722
806
1942
2907
523
2224
775
1703
2458
2651
1938
2058
922
2040
1615
2223
345
1771
589
1047
1081
2715
649
774
822
478
2350
1008
1599
1495
2492
629
94
2753
2442
1891
2408
1772
2398
1441
92
837
1176
2750
1492
2751
2182
1751
2634
370
457
803
740
2791
2330
1402
263
2928
1676
1634
1432
2804
992
1434
1103
2309
2747
247
215
2609
2167
684
1251
2598
1999
1305
2820
834
2917
931
1013
895
2137
934
1856
103
370
930
1228
1271
1638
235
1666
1591
2002
1082
1772
8
101
2788
719
103
768
560
2535
1006
1404
165
856
1750
239
2714
254
1783
818
163
764
2255
1481
30
690
2265
220
1452
171
259
1798
2139
2540
659
2044
1162
2429
239
2819
1197
1071
1198
2337
867
181
2326
647
2427
939
249
638
977
1675
2842
327
2644
1689
2558
1658
1372
1654
2126
2736
2368
2282
2762
2127
1474
859
1346
2381
964
2431
2314
707
2330
844
1589
2228
120
2
1649
1021
2817
1312
2891
2891
2159
2121
1964
2598
608
2445
113
65
2490
1427
609
80
2202
2009
1438
663
2393
1760
31
2964
2295
1205
890
2740
454
1049
1577
586
2908
120
165
1539
1847
1781
1773
1290
1666
794
159
2072
47
522
272
1818
2526
1787
2538
1057
2714
684
2824
2439
397
678
616
567
1083
1159
1129
1322
1730
1659
2384
614
330
2577
1565
1216
1704
978
2991
2569
1795
1424
1574
736
891
350
1571
2107
2164
2471
1233
2766
1554
2377
899
1418
2528
393
1040
129
521
97
1595
634
2359
694
2984
903
2624
81
2872
955
1943
978
1656
2733
1624
1637
2639
304
2371
2561
2756
2759
2199
1050
2855
1046
1096
1996
1917
214
687
1829
2101
2022
2298
1950
713
2180
1629
236
2352
802
2387
1166
816
166
702
2415
1239
1548
2208
2961
312
159
1015
1812
20
2754
2168
1149
1870
840
1296
26
2978
1357
2424
64
226
527
1223
1687
782
36
74
770
2643
1421
205
2124
1770
2460
797
1275
29
923
2457
2916
1171
1991
1415
429
2009
84
1846
1217
2206
1056
1930
2156
2725
1246
2556
2990
778
2722
646
1332
52
991
1402
2761
464
1699
1856
2701
1179
1370
2420
2271
2552
1382
1669
1127
2322
350
2579
1018
2100
977
145
222
2369
921
190
16
148
794
2759
1832
2406
137
495
1427
1395
1645
475
1723
2542
428
1038
836
2465
2413
2797
556
219
467
1499
1775
1593
1648
775
1716
2227
1079
1784
1738
2157
1588
1340
2334
1392
840
632
1756
2867
2296
2065
537
1645
2596
1593
981
159
2514
635
1367
2397
1888
2418
970
2896
1235
364
1758
196
177
1326
2976
2190
2906
2629
2742
2947
2320
779
544
2381
1793
1250
369
1645
2667
489
1013
519
2548
738
1916
804
1950
1177
560
1712
1830
842
761
2526
1793
2821
579
429
1235
1781
1318
1581
415
1068
774
694
1380
837
893
2341
749
32
1785
1705
562
55
2441
2553
1548
2814
1537
2617
153
2320
1871
274
1826
1665
319
1987
2526
1398
2358
2017
376
1512
1660
2657
165
1393
239
1029
2532
2908
1928
1850
442
1836
2612
1503
2990
2304
557
603
2661
2065
1677
175
2802
289
1381
2951
1663
629
71
242
491
924
2158
1968
2009
1092
2300
1876
1714
2938
2024
852
2540
835
2568
982
1852
2377
2729
2510
2403
2936
1547
2461
1295
1049
1228
1587
2932
1687
64
772
892
2098
1152
1579
263
1862
2312
1723
1400
1654
353
2414
2373
2104
2263
2624
1104
98
1522
932
1119
2357
663
2414
1565
1299
2788
401
843
268
1067
2919
2222
909
2093
2518
1132
1285
898
1485
192
547
2268
601
1002
46
1294
2104
309
2164
2752
1494
2869
134
1715
845
2661
1960
432
1516
2548
526
21
335
289
2056
2314
38
2175
1868
1532
1693
693
1778
1062
1127
241
4
2470
428
1268
2740
2432
658
339
2094
758
1611
1936
170
919
596
2556
2748
1214
1692
569
2916
760
1215
466
2792
190
2446
2709
1368
746
2223
65
885
2409
532
13
2655
531
1906
2548
2738
674
2317
30
283
417
2048
1174
1280
1072
1739
876
2847
534
1473
1436
1955
2206
873
1496
695
2791
2004
1322
1805
1607
1423
55
2777
1858
1751
489
579
266
1530
1982
967
1709
2950
1783
945
2035
2162
928
1066
2867
285
2365
553
2525
250
1358
1356
1556
1544
1005
1415
1364
2600
108
1552
1067
1096
348
1397
1478
1734
939
2795
1341
525
252
1368
270
905
354
1598
437
1721
2767
464
1265
247
1509
2879
1996
1614
1737
383
870
1825
2453
9
2301
1374
2632
1225
981
2279
2125
901
1988
1402
2735
349
2901
1781
2181
1921
1326
763
2132
1833
987
843
1444
1973
912
1231
2930
900
2689
2824
461
1915
231
2258
780
1110
146
845
1152
109
524
1879
26
368
2543
769
1348
277
2948
151
799
1957
1693
290
590
2208
609
955
1809
1332
2228
2497
2983
1918
1754
1637
1963
1718
680
1167
499
2782
1619
643
2089
718
2999
1144
2323
2590
1970
2862
286
954
406
270
557
397
2941
2138
1989
1654
755
1829
195
1315
1028
659
989
2953
1389
1429
2969
1749
252
1035
71
659
1053
2102
1284
1113
2020
2885
2637
2420
1917
2619
2312
2257
236
1688
2595
2016
2793
1269
236
1429
464
2061
2813
1705
46
1041
2476
671
2254
2198
854
1301
2228
1315
1173
786
41
138
2929
559
1784
890
2252
411
796
170
2431
909
1699
2169
995
2921
160
2215
2268
2751
2609
1718
418
2498
1662
1326
1767
1571
190
87
170
2761
2758
2892
1451
1522
1272
2237
405
73
2454
1344
1850
1436
2232
803
2910
985
1553
2203
2973
526
1457
2835
2168
90
463
1957
2682
931
1499
2887
1032
1865
974
127
1674
1051
691
1133
466
860
1454
624
289
1877
1930
2101
2488
272
2868
2337
2780
1442
627
892
433
345
1302
620
77
2374
2932
351
1258
484
1050
196
608
1700
2449
1064
1525
2864
2163
2602
1736
100
278
1211
2874
2057
2708
2079
1065
2220
1476
723
1797
651
2777
641
1061
572
2189
2914
1362
253
12
2370
2099
444
379
1032
204
1624
1301
8
1847
2499
2354
1721
1276
1770
202
2724
1217
23
2542
2067
2575
26
1761
276
2174
1276
397
742
998
354
2664
204
775
359
1733
949
1498
708
1792
190
2281
1564
681
76
1327
2869
188
2273
762
578
1706
1215
512
2346
1916
2876
1723
2068
2228
1118
181
1920
2936
2138
555
2447
2538
596
645
888
812
1158
822
1544
2811
645
2229
1937
2129
797
1499
2497
1332
2143
828
873
1640
2037
703
2049
2976
29
322
2745
2155
2244
2181
2900
1852
2390
961
2179
1269
1190
2395
2558
964
2051
2413
2404
1153
1842
2344
1332
2182
2487
2274
2767
337
1237
2922
796
106
683
1714
1827
339
2358
1615
2389
1999
2445
2101
1020
2926
397
1303
146
1612
666
761
2414
1499
2501
1549
819
2119
1755
1947
1455
686
1176
2357
2038
1243
2330
2554
1293
2511
2363
841
1817
499
133
926
523
739
1103
1866
1646
834
51
606
2698
879
1727
2904
1404
1009
739
1405
1505
2925
1697
2855
1715
17
2805
2623
1352
2512
2569
2714
640
2879
331
1315
384
514
1314
1569
275
2311
1709
2893
1164
1166
520
5
484
1766
439
764
964
165
1964
1926
1060
1825
2115
2598
1399
2814
2448
2404
1951
1959
1473
949
2966
23
2299
2516
428
452
3000
2349
2867
89
1174
5
27
2237
538
1444
625
2591
2402
514
1105
796
296
1287
2956
280
1602
630
884
47
2753
745
1709
2571
2781
2766
738
1982
1518
453
1580
2940
1865
2110
2132
1887
1184
2291
612
453
2597
2783
334
2936
2334
1051
2343
1018
1633
2667
1292
209
2560
2966
2143
987
2196
1121
2456
2749
2178
1902
1602
444
2047
1394
1059
637
2885
14
1072
2508
744
1350
1169
2935
3000
487
977
156
783
2298
271
2082
866
2648
1784
2632
1044
2219
2212
2404
1497
352
229
1844
2040
2024
2581
980
2817
1450
516
1992
1946
676
582
2723
2400
2946
1862
2385
2443
2912
525
2969
1320
1774
2276
321
820
476
139
1817
32
2766
1347
1943
1171
1773
881
1826
597
2326
149
2229
2155
2958
2556
303
1007
1733
2004
1013
693
898
1284
1580
969
384
1805
613
1053
13
1228
2114
636
2448
1386
1103
622
73
759
1322
1961
630
798
970
1672
1066
248
1232
2680
1113
2912
139
1378
1221
1897
2993
121
2785
1497
2742
1511
1671
585
151
2205
2529
469
2872
2584
2381
256
2911
1733
2122
616
2703
1026
2084
2794
1453
2767
1451
765
1136
2035
2514
460
775
1146
2355
2388
1052
1842
2161
1340
1311
684
569
2689
802
1427
2091
2762
2350
46
2537
2971
1120
988
2788
1798
470
2467
477
1846
2458
737
1249
1733
410
741
1567
1832
596
734
2657
770
1435
1454
2123
2615
2274
1967
2207
1024
1803
1308
992
39
2686
718
1999
2846
2095
252
361
1295
1766
520
1640
403
2793
2376
2785
1616
1743
622
1276
1459
1949
817
2029
353
2752
1563
2316
2641
1468
1875
2905
2076
1576
2171
1022
2600
695
799
24
2723
116
1836
2884
2868
958
1727
1454
327
2351
1668
306
1011
133
445
2945
1876
2782
596
1769
2310
940
2358
484
2754
52
1269
1269
203
917
34
2283
1580
2550
1606
1431
1821
2647
632
826
469
2565
2880
2430
1066
1782
1838
160
2296
2983
2145
2658
2536
912
2218
1186
1404
549
1928
2227
1009
2830
2508
1926
71
1120
748
167
1480
470
833
1498
379
1993
265
1737
2599
1749
2743
1254
543
123
1331
1963
460
2802
1191
197
488
1629
711
850
2077
291
158
2849
2586
1562
2849
2589
1918
374
881
1459
1779
2971
1573
680
2938
1735
2135
2197
2877
916
330
2921
1749
715
2978
1544
2144
2138
2864
1458
1373
2060
1055
2091
2882
1154
2146
759
413
2347
723
2183
105
1446
2426
2825
1525
2963
1835
543
1662
685
2363
913
1019
1133
1518
2409
225
2118
381
1238
1074
154
560
2273
1875
537
1508
2435
2351
291
1325
1300
9
55
357
1996
2722
2136
1838
1466
2711
2935
2663
173
752
2751
1700
2731
1734
955
886
2228
1513
510
612
2379
1093
2897
1072
2796
2737
2715
826
2849
2322
2244
2579
1124
656
1491
913
2495
2558
1651
15
40
1406
1845
418
2052
2338
2878
1682
1369
1817
2274
15
194
1612
1836
2441
2123
905
861
1220
2969
1506
489
2267
471
1531
2898
2448
970
2804
120
114
1714
375
2117
2279
479
28
1774
110
1197
1271
1220
542
2249
298
1041
1120
2617
2861
2666
768
2686
1652
2082
1732
2475
454
1986
476
1468
2470
21
306
1858
194
104
2402
56
1804
1348
1251
1867
2985
2134
1672
1658
1800
1342
2813
1774
102
2487
1897
40
439
1192
3
2689
1345
19
2596
1724
1153
597
2339
2687
2215
980
1912
1299
1476
1403
925
1064
179
2182
2844
2872
2616
1973
381
231
2217
1677
379
768
1275
166
2832
561
1659
2824
1649
2961
831
2789
2444
660
1796
1881
1058
1799
217
1632
2086
1270
1806
1966
1033
2517
2430
2151
707
912
2824
2124
1424
1432
1847
537
564
2362
1630
2541
2788
629
2691
2444
2130
2588
1403
1878
1062
763
2574
2767
2538
1187
679
2959
1763
1461
2876
484
2293
360
643
2425
951
2173
2311
419
2109
2001
8
1692
2211
761
1295
2222
1655
210
1557
2496
280
30
2076
2306
25
232
1297
1389
2943
1536
1573
2675
1808
2358
991
2546
1140
326
746
360
2560
2908
2061
2675
2179
2170
2220
1354
959
82
736
1604
95
768
1155
1362
2583
2588
657
1808
2616
2206
807
1725
2827
1866
1732
504
2110
259
2570
988
2435
2567
1931
1932
2743
1374
2590
31
1498
1244
2934
51
1801
184
1739
523
1938
2979
302
1601
2697
388
1394
2938
1865
558
2505
1166
1617
247
319
574
85
2679
2405
890
1488
149
1402
2167
449
2476
2987
2931
2544
2775
1070
2604
695
500
1979
2513
91
863
2057
263
2540
1692
506
2354
1680
2879
1138
1927
988
768
2927
2907
2767
1841
2574
2173
3000
2679
2265
236
2282
2290
26
1534
1393
1075
417
648
945
1119
1382
601
2088
2450
869
605
1009
1553
2003
1553
1476
1091
2115
2637
971
1461
1588
112
2149
2845
321
23
632
2094
2655
160
384
571
451
617
1371
1518
1406
1013
2124
2227
1729
1529
1616
386
834
1012
2617
2119
2361
1473
2357
139
2327
2976
1944
2311
1179
2267
1896
1944
568
735
1533
1961
669
1345
593
2017
2814
2085
650
1421
2957
987
1377
1174
583
2424
1915
610
1958
86
2968
924
1812
1743
255
164
2880
1965
2828
797
2264
1128
1948
2181
2208
1566
2815
1928
1462
2055
1535
1638
581
788
1915
2580
328
908
1371
2381
2030
162
387
403
31
1087
1205
1050
457
1744
2228
799
1351
127
642
330
1557
678
422
771
1689
2668
450
990
42
2474
2306
511
2406
1090
1629
123
2498
1991
2296
1593
2575
1748
2810
1880
1291
829
1062
1270
305
2375
1990
2527
1168
2091
633
2088
2850
2506
2297
94
1626
2317
374
2646
147
515
2857
1006
1529
624
1533
2153
2800
2437
387
1190
1842
2168
1881
1432
2919
691
2898
2292
2878
974
1892
217
2483
1862
662
355
2160
154
1863
958
2035
2867
2920
239
976
1922
1415
1126
2204
2116
2955
257
2567
292
473
1994
1861
2491
494
2693
1057
2354
1111
1130
1641
1453
111
664
1507
2137
1644
2896
800
1937
2198
2726
1031
1998
1484
2360
1421
211
1898
746
2213
351
2156
2199
101
304
332
539
1087
1844
692
292
983
1844
705
1136
989
1097
406
504
1461
2623
1945
181
673
1849
1245
228
2883
729
2643
1605
205
1884
1202
1097
147
2983
2511
2486
507
2381
2010
1376
1409
293
2785
2412
1323
137
2627
618
2779
1738
2999
712
1650
2687
1289
1032
953
1716
2633
2598
2973
376
124
2596
1407
11
182
192
970
1469
2284
1566
943
2647
475
2695
425
1647
917
1954
20
351
1574
914
1697
426
243
2634
2741
2933
1779
2255
1297
1143
908
1709
1114
1904
591
451
2375
1355
1932
2598
1810
2394
2849
2249
2206
897
697
2237
2743
1892
528
847
401
1327
1220
1971
2364
2570
2550
2531
2750
1417
2920
2985
2231
1859
2992
1567
907
1033
2889
2362
720
1648
2899
2721
1075
1933
2707
224
2289
1010
2002
2735
1688
981
2730
992
1181
1151
10
1071
1376
1466
2839
140
1940
246
1219
1106
1571
1484
2890
1397
1255
2750
1368
1811
952
356
2368
675
2156
2143
1518
1466
1491
2635
1361
2275
2289
1140
1540
882
2957
1724
1860
224
821
1657
2737
1284
2246
986
2423
492
2067
2458
370
349
841
2772
2465
1132
1252
1898
2109
1514
2417
2677
1544
2993
979
2239
2137
2069
1078
2095
308
1451
1557
2612
1270
2070
193
793
1604
776
2942
2070
1038
416
1543
733
1625
1110
696
1224
2965
623
2437
1046
2615
2345
1625
784
1629
1155
969
693
2801
1519
182
1515
294
1404
275
758
1731
866
1505
1572
2574
549
161
1224
2413
2037
803
1519
2144
1994
2468
93
1873
2830
831
1542
2886
140
2368
2221
2029
2362
595
1331
1680
81
2887
880
1576
679
479
152
1606
1280
966
2904
1822
2808
1002
1947
1530
1212
1904
2263
2083
1169
1192
1903
1342
2760
2155
674
99
474
774
582
2037
2747
1802
107
2270
1950
13
1659
486
888
1074
1401
2520
578
2999
312
2096
1806
2693
2678
88
270
2004
1463
2548
867
2010
1635
807
831
585
426
2520
2545
929
2312
75
2944
664
788
569
989
413
2175
267
1480
524
2251
1518
1741
1467
970
1009
1269
2076
182
2349
261
511
1908
1062
1148
2511
23
360
1925
1145
727
87
679
1951
432
1031
982
1925
817
1449
1141
1543
500
732
1136
2137
2146
1296
569
339
792
523
2268
699
824
2531
2801
2244
1064
2029
5
745
380
2664
2900
2666
2650
2876
1973
2202
2973
1618
2660
2825
635
2424
2710
2689
1205
1530
2727
1938
2650
2477
2735
1606
124
1981
1153
2982
547
2503
835
1156
461
521
2555
294
1626
43
2238
354
791
754
2185
2327
596
1476
599
2498
1205
2343
2270
2424
2
1585
2914
961
1746
2123
432
1137
570
1950
394
2664
201
2634
1198
525
1220
2100
2465
2765
2689
710
2308
1950
789
2228
1361
657
1330
415
1707
2104
2729
894
965
1013
715
1316
2078
1865
1319
2339
1622
440
247
1818
2576
372
1656
280
2922
1387
2656
1861
142
1849
1889
738
523
596
1249
2224
568
2443
2098
196
405
116
210
1920
2605
2463
1338
2412
2892
633
2684
799
1153
2399
2591
2027
1104
1080
1530
2781
775
2973
2510
1458
131
1197
1155
1148
498
2936
1874
2473
1332
587
295
2294
939
2642
2542
630
626
1029
2120
2173
197
2200
1375
1880
2278
900
1285
1010
159
2641
1827
2435
160
888
2909
230
824
2640
1196
1164
2316
2681
2942
1059
2116
2055
78
682
73
266
214
264
169
2934
2728
657
833
467
496
2878
498
32
754
1337
1607
2090
413
447
2085
2653
718
2806
160
2649
1161
2141
498
1915
2451
398
1525
236
2142
225
685
1088
1989
1007
916
2039
1912
490
907
554
944
1582
2056
1661
718
1803
2968
2641
1890
2119
445
2283
1799
1290
292
2103
1106
25
2016
1843
2488
415
1212
1843
1431
2555
1233
578
1565
514
740
2833
2369
1834
1560
2149
682
1871
2352
2543
1834
2392
738
416
489
248
909
663
674
1610
582
2631
2755
2132
1414
4
2758
288
2177
2218
1300
2919
2184
2354
1438
1996
1254
1745
452
959
2740
258
1754
98
2892
502
2545
366
1375
1721
590
2137
421
1480
670
340
321
339
1357
557
1948
23
645
634
1733
2078
1847
291
791
2701
1583
2260
1777
2065
1146
657
2207
1852
1419
575
1506
2630
2275
1281
374
412
2183
1947
569
926
1067
730
1258
2379
1357
2746
1980
1158
1710
1272
2850
1422
2642
2067
1981
1750
2124
344
1581
1655
1288
2566
980
1758
2638
578
1464
1654
211
1660
499
1455
2165
1537
2584
2696
1329
1162
2626
2234
568
1056
384
2994
344
381
2345
99
2857
754
2926
2437
2894
519
237
2244
2670
2545
1392
2766
663
1333
2233
1305
1448
1957
1237
2107
1322
887
1898
2155
1011
1262
2064
1231
2533
1493
363
1763
349
407
1024
1385
140
984
2836
618
554
1831
728
671
1746
2101
2342
2289
2630
2652
430
2248
2619
2327
2775
2911
1347
2614
1053
1855
1562
178
678
2085
2060
2692
2810
357
1223
2950
867
514
927
1026
963
387
1356
2354
2363
1742
62
364
2736
992
2394
2129
1974
2547
1053
2113
1063
2558
1362
2500
2722
2750
2095
1269
227
990
255
195
1122
2291
2543
1191
2969
421
2682
745
2756
725
2246
283
1216
2714
1361
1407
1034
2851
1509
2521
1758
435
888
1281
788
183
2169
365
8
2710
1465
92
2493
594
1223
2306
923
1887
2839
2951
2082
38
16
2333
2381
731
2854
118
1787
6
548
2815
2100
2722
2853
675
566
1348
114
2876
756
1778
1476
990
1632
2826
2675
1414
359
2142
104
2049
697
2401
711
402
1453
2106
997
844
1250
2638
2997
357
2353
2293
567
1438
200
2888
146
1832
2956
2577
1562
325
2097
389
612
2904
487
2718
2873
477
93
2477
610
2388
2361
838
533
1021
1634
2547
2058
2773
16
26
164
27
2488
268
2194
1017
1539
2329
219
1868
2656
2376
27
1481
413
457
18
858
990
2191
2887
2704
2285
470
125
1629
23
2122
1282
723
398
152
2976
481
2696
1321
508
681
547
2325
548
1843
2281
1447
2165
855
1972
1127
84
434
1385
1220
1348
2743
2868
1220
2066
1362
2175
2860
2083
1334
340
856
2657
952
2613
1317
1861
621
514
726
874
2571
1106
1743
521
1155
2403
1628
2935
321
1684
920
1314
981
129
1726
1557
2268
1039
579
1483
632
1115
2952
2935
1502
676
2349
1053
2006
288
1541
571
695
517
2659
1891
2469
508
2789
2129
1850
859
2886
2303
2673
1253
2443
312
20
1737
608
2428
1168
221
2333
1233
147
2257
1694
498
395
2154
423
2028
1851
595
836
102
1414
236
2125
616
2076
35
2847
1650
2520
2674
722
164
2134
2592
978
1684
1063
2187
620
302
22
2977
175
2053
2739
156
553
1722
2593
933
2343
2780
805
2405
2557
2088
2928
177
2625
2632
232
1878
274
338
437
2383
715
199
2200
2072
175
1185
1769
2090
1573
2286
197
1262
1363
2881
2184
1077
2683
1325
1294
1831
2921
1394
2019
1832
2275
754
837
168
512
833
2733
1909
906
1457
1303
2248
2857
959
1085
1298
2967
518
2383
2884
2620
1062
2267
2506
2537
674
622
767
2256
847
1317
1933
2323
1838
2668
437
64
2834
1307
1297
17
30
2741
2190
420
2122
1667
1215
2575
2124
1144
1091
383
2068
80
2732
388
2346
1440
78
1997
611
2260
2697
1638
1578
2556
992
1918
2540
2452
2848
2865
805
492
2336
1456
1593
1301
2134
2730
332
508
1073
1388
446
1656
1740
1254
1961
1024
2172
1254
1019
1783
2322
136
1548
2805
2914
760
744
2219
2379
1684
2828
2944
2266
1707
2286
886
2557
1066
2989
448
275
2000
2536
1835
1755
2618
57
443
1501
16
2037
2657
1292
462
181
2012
1318
250
2586
930
1705
1264
1537
425
129
2762
1391
2406
2601
1805
1231
2148
574
1351
1011
2108
2900
913
2578
1948
575
2490
2128
178
2310
1396
2355
695
1280
1025
2889
1764
2258
753
1731
836
1296
1934
1217
2502
2632
2919
2581
257
1512
2865
1953
1328
2868
2918
2605
854
168
1556
896
1643
2912
527
2400
696
2373
2145
1072
374
559
984
2339
1299
1240
1008
326
1675
2276
230
2856
1718
289
424
2190
1178
404
190
2032
962
2467
2220
1535
2851
2093
205
2923
2671
618
422
941
1120
1060
1727
983
809
292
492
2239
1984
2726
1218
1499
1909
2517
2208
1118
631
563
713
2725
680
1538
1411
1079
2618
580
2999
2654
1547
369
507
2333
2919
2327
1648
2755
680
2567
542
517
1822
1072
2886
1791
2621
1951
2784
2086
2062
2610
1448
429
933
1895
2394
1085
1542
2564
2221
1462
2096
1520
1839
2443
2583
1176
2942
349
1882
2961
1098
1041
1605
503
49
1462
2974
1106
1286
1679
1880
638
1852
2852
1689
1342
172
798
2083
2177
2839
2344
173
1105
10
2862
838
2334
1992
853
1451
984
2919
429
1387
1482
2999
2391
609
1504
14
2687
2811
2198
737
2077
2534
589
988
1450
1363
2677
2612
645
1146
668
2413
2829
1358
1084
2081
317
868
987
1998
1677
2716
1846
347
755
386
155
324
780
1993
489
2350
322
797
277
1030
820
2066
2831
2948
286
903
787
1692
2222
1536
943
2907
499
1019
698
1207
1931
1432
1341
845
1736
687
927
49
1662
1401
1848
1108
2029
118
2162
2417
1662
1771
2
1388
2105
2204
837
2408
2846
2886
557
2317
1169
2757
693
365
1663
1728
1655
2734
1812
2974
1995
2337
216
1081
2435
1261
1054
665
368
208
566
2633
1019
370
2518
2257
1105
760
781
2097
1182
1590
245
1274
2510
2436
691
1084
2143
31
944
1142
442
1966
980
1092
2439
2925
1349
2018
1869
1360
1160
2779
2930
2659
1523
443
2180
1560
2284
2914
1690
1060
672
2626
536
1878
741
2126
1717
198
1477
2569
1067
1455
6
241
2484
1717
1618
2193
359
968
1082
260
874
2009
622
1247
954
2849
941
1126
2562
77
2394
1044
1474
1632
178
2565
886
136
419
1660
2324
2067
2207
2976
2401
2600
2814
2496
644
116
869
2466
2806
613
2025
736
1627
2426
959
1116
49
769
560
1377
2761
776
683
1884
2999
1919
2805
2022
2942
2417
2486
656
732
650
2985
2808
1929
680
1778
799
1742
2121
2144
307
2147
513
2912
140
1882
1562
2255
1086
286
2687
2506
2433
1188
230
1406
1336
971
2258
2149
1187
2595
2558
1463
1651
507
2074
2545
2662
1580
1764
2262
1521
494
2424
2864
2006
2867
1462
2968
1863
1367
707
1841
1371
1513
737
1977
656
2185
14
2607
1078
579
1444
2876
904
2060
2815
2161
1907
1644
1483
1663
1961
483
1076
1783
1251
952
2269
1884
1583
2515
2755
2579
507
2538
92
94
1819
2090
1933
1797
668
1269
1068
935
1030
1492
69
1840
1811
1523
1851
2068
245
1685
2794
395
2637
1101
2200
2121
391
1989
7
1217
2331
702
168
38
2542
2620
2522
2285
2847
441
1133
2423
1174
547
839
1237
2149
1365
1943
1556
2713
1118
1106
1601
1866
2833
1120
1235
558
67
2440
2279
991
1623
1673
972
2907
1177
2754
1563
1699
1039
1025
1919
2586
2966
468
392
2406
2235
2477
2460
2145
1401
251
778
672
932
2071
525
1779
1120
2838
1682
439
2838
1403
22
986
2638
1666
524
2019
662
359
1475
934
1998
2887
2377
357
2174
1496
1371
2168
462
997
26
2952
2771
2815
2311
2161
1425
1068
1182
1985
1372
1564
1750
64
1760
2031
225
1846
726
2184
2229
2300
1911
2499
625
981
2968
2858
2305
1026
2836
2444
1858
984
870
2019
1383
2395
508
1032
2336
2568
1332
1382
1118
2707
2025
171
335
404
338
2814
1101
1408
1072
1076
2362
2577
2541
1998
2105
1643
2071
2110
502
563
44
71
2041
2608
2315
1669
2913
2037
1003
2394
1601
1016
1756
1216
2776
1393
1299
2263
2363
2410
1267
1324
2659
289
1579
807
1758
1239
267
1753
645
95
81
1546
1047
1149
1568
1510
1755
2150
974
401
2541
2050
1581
578
2653
320
1465
1131
1158
2544
1276
1898
570
364
1496
2215
411
842
2023
1516
1693
1265
2896
2219
2092
760
2005
1326
1940
671
2239
103
1857
656
943
2344
2865
899
1869
1241
703
75
798
2238
2329
1211
944
2776
1663
1241
329
2745
2152
2779
1091
1210
275
2983
2482
711
1924
6
1621
1418
391
2084
1214
2593
1665
2765
1147
1819
2086
525
1842
818
256
28
718
2439
39
1630
839
2849
2871
89
1415
1458
1218
1030
1786
91
145
1995
2497
1161
2595
57
1316
1784
2879
2652
885
1458
232
2395
164
2659
2570
239
1109
552
2918
1454
2871
524
2919
1070
658
1091
2519
2736
227
2723
544
1230
2866
2406
1056
627
2704
2505
1662
2660
1216
953
422
1569
336
2089
2217
2042
1784
359
2892
2350
77
2736
2510
312
13
366
2864
2175
2870
1908
1771
2357
935
2573
817
1575
1430
1354
1646
1895
1317
1322
2602
776
1553
1941
1526
700
1133
258
862
2411
1881
2353
2825
1804
2860
77
115
523
558
1177
1164
1209
669
2521
360
1312
970
1268
2931
1764
1799
2936
636
2124
2418
2370
1421
1275
2204
91
1054
454
1324
2712
2636
1200
826
313
1492
1347
1325
466
1913
184
2957
481
790
1991
1834
605
1937
421
2454
2788
1516
1931
1517
2075
2950
679
398
2957
1399
2141
1014
2492
2214
417
2012
1375
116
2037
964
1436
2110
1331
2544
2760
1355
2079
2244
1660
1707
2768
2332
2516
890
2065
477
2125
2939
1109
2581
1251
1186
116
2264
1252
2866
1022
604
684
2639
842
2146
1199
1731
2005
1146
52
2644
1460
30
2605
1150
244
2212
50
960
1732
1936
1274
1412
231
468
1472
2304
1973
1791
2935
2294
529
1147
2520
444
1418
2069
2052
1659
1240
575
2071
2008
751
2879
1069
1469
664
569
106
606
2108
853
679
1004
635
2813
418
2966
367
2972
358
998
1432
1650
112
1628
809
883
1459
2377
1031
853
1674
1754
2526
1318
294
2513
575
686
644
11
1482
1145
1197
1108
127
2590
1047
2446
1957
717
2027
535
595
532
2656
1917
1666
493
2391
406
2628
493
1720
208
1712
1066
1125
404
1702
2513
1302
2242
1373
1266
1744
1574
1128
1078
2914
113
1233
2772
1035
957
660
1572
2940
809
1912
1833
2689
996
2092
2538
695
834
2096
1583
2791
2384
353
2911
1014
1645
2852
436
2715
1947
2310
2425
1974
2132
2840
1464
2199
834
680
1682
2344
1033
1433
1666
2287
2520
1873
1722
684
1245
2667
730
1129
2221
2770
2845
1010
2039
2775
1518
510
1494
2706
378
2421
1984
68
924
2642
2100
959
1276
2904
477
2500
2898
1153
2986
1362
2918
2243
2272
866
885
1041
1162
1219
1650
1247
822
2475
2353
433
1203
1553
1328
1938
1006
1682
1422
2899
809
976
208
2852
1800
1822
2286
33
1219
1680
2603
908
1933
1255
742
1028
603
2194
446
1125
306
2414
2864
1727
1203
1050
2081
360
1096
262
962
2838
1779
2391
2494
1286
2746
2625
2899
1152
1670
213
1509
1857
1117
1715
192
269
1089
1463
1524
2761
1172
405
2307
2563
2909
2577
659
1643
325
695
2154
1572
2901
198
2791
1880
1071
1117
2568
2744
2289
133
1497
1451
595
1969
1510
1890
2164
2197
1460
1811
2644
2827
1318
1201
1694
264
216
455
1811
313
2764
2973
1284
1133
2123
598
299
2538
2652
100
2651
171
2817
736
393
2865
1583
2471
1186
771
1080
2700
1778
1046
2217
1560
1369
1261
1612
978
2414
2681
743
682
2223
2426
2169
950
1211
1167
2913
1283
2602
474
2694
307
1737
2801
2677
2249
949
2227
630
918
910
757
145
1745
380
2437
436
2095
1751
2927
2278
1491
950
295
2662
2938
290
1902
1417
307
2316
36
2410
596
96
1003
380
1741
2244
2073
1707
2167
764
1360
2034
90
1774
1577
659
309
1936
2958
1933
2297
1894
862
1343
1415
479
624
1775
576
1863
111
1020
1250
2973
1408
2220
2760
705
1699
1258
2692
2023
260
244
306
334
2136
2704
2455
1896
544
2763
2690
2459
941
282
899
2640
1203
143
399
1205
2868
1152
331
1703
1501
384
1164
2040
823
1782
2774
1384
84
176
1680
1355
492
1521
2008
979
1404
2400
2912
1602
352
587
636
2776
1833
147
1402
1315
2725
466
2129
873
2436
2410
2776
2725
587
1682
823
2666
2651
226
1549
56
1120
1432
2449
1426
2230
240
2241
2172
482
2309
938
1793
1676
1667
551
343
2758
890
1713
2670
37
1533
2165
1200
469
304
1797
1370
2152
496
2021
50
1774
2490
1375
2327
2778
19
112
2295
1841
2529
2212
139
475
2607
625
1880
1383
1386
2576
2668
1376
2391
444
562
645
341
314
373
250
774
2419
279
1133
427
2529
596
2605
2741
2284
2147
441
774
1917
1022
564
1135
2167
1666
398
1300
2108
1396
704
1959
1090
954
2034
888
2957
1681
2462
1997
51
1844
2766
343
756
1693
962
1266
118
2123
2565
1098
949
1347
1779
2511
270
2396
2017
1171
2448
413
2537
1642
1852
2473
2485
2021
569
843
2214
2200
1798
2775
817
2275
2203
2038
260
363
145
2322
1638
2079
1640
1475
684
1252
901
1355
1244
1600
736
1794
489
2575
2284
1422
15
1992
2889
959
417
1994
1273
1947
568
1436
242
1922
595
2176
2346
2637
1884
307
1777
1881
704
2037
1167
2018
291
2609
425
1847
2212
931
1307
1628
2568
544
2167
2108
2053
388
708
415
530
2025
407
2537
1540
1018
2132
185
1173
2760
745
2747
1438
1042
2909
2904
640
2710
173
1918
470
984
16
1807
2325
2737
167
766
1168
1129
857
388
792
848
2620
2594
1260
615
870
902
1424
583
348
2200
2605
1087
537
2647
2367
2227
603
1142
2447
216
534
46
2401
603
2993
732
1350
2209
1881
757
1584
1578
1405
2297
2222
1154
2780
1044
1625
137
83
217
2435
2176
3
1306
731
1460
1414
808
742
2488
197
2996
2068
214
1504
212
1230
478
795
666
2011
1983
1660
2607
1027
2111
1945
1352
1912
1251
2717
2946
376
964
2923
303
1077
1401
1864
2390
943
1275
286
1028
2074
2806
924
1164
31
1811
2287
1505
405
1332
2887
660
1587
1820
1557
2657
2691
672
2285
820
107
2575
1408
1398
208
1816
836
810
481
690
2101
1206
472
1493
2352
2030
2719
117
2023
1000
2803
2681
1047
1800
686
157
2422
2240
1235
2185
2532
1555
2037
1853
2140
1473
1551
2585
495
1331
2565
982
1963
2273
2299
2469
266
1262
1752
400
196
2956
2411
2896
2860
1250
1050
2818
1351
238
1703
1209
2044
2609
1137
2738
682
210
28
1023
379
266
489
2541
2713
107
354
2715
1936
1410
1741
1667
2638
134
261
1065
120
1344
1992
498
1835
351
1473
1932
692
2691
1689
618
1846
1868
2979
906
594
1767
1302
141
345
2075
2538
200
796
2589
757
1573
1924
58
1945
2071
1848
1997
506
683
661
2552
2342
566
2793
997
972
225
34
560
2387
2329
1765
2779
2920
1855
705
917
292
2653
1266
53
1200
977
1447
2268
882
2156
975
1665
508
1742
2040
17
448
2047
101
1959
70
77
810
746
2000
2904
1188
892
329
2772
2024
608
2189
2784
1095
2775
2730
1938
2427
2294
624
1685
1598
2450
1328
2050
1587
2811
774
1460
2511
269
2028
1239
348
626
2939
718
2528
1509
2470
2611
2038
1697
1578
1587
1176
435
89
1274
24
1119
467
1082
942
2618
1803
2044
2613
232
1658
2168
1618
1265
2913
2462
1629
1495
2596
551
2680
1073
285
394
814
864
1052
1808
2494
333
512
466
133
880
1369
2152
2424
2588
613
325
531
2814
2566
1292
1763
1362
2861
2489
263
2695
573
144
1470
1306
22
564
151
305
1265
2631
143
1826
1860
142
2597
878
777
2204
1129
1752
2994
1400
797
1647
2551
2511
57
1403
481
281
2197
917
472
766
1623
919
849
538
2
2019
2437
2663
2798
2178
2633
2892
1169
573
1665
196
779
445
50
1275
1396
2393
2937
14
2870
2890
688
2389
630
3
821
2651
1214
2314
1907
787
1822
437
40
142
2171
1145
117
1999
2267
871
2623
1017
1519
1462
2664
317
1576
1769
383
733
1873
2305
1017
1002
136
1216
2650
2786
2061
41
2424
2394
75
1861
1442
2718
1229
1130
2908
549
982
63
2858
425
1873
1505
601
1645
1668
1275
250
1481
2878
1305
592
2352
1918
262
2277
2299
1923
58
2257
257
1791
1293
2673
2280
1685
2817
2271
1765
1614
1935
1373
2694
1050
170
1478
1368
1534
2485
1907
1312
2689
1342
1179
713
1498
1900
2964
1267
1519
1253
458
1461
2838
2029
602
115
1550
675
1006
1223
1641
1203
1555
1595
1979
2754
120
2614
235
2894
2852
2361
281
2829
1673
1937
227
1857
507
1349
2909
2069
2240
203
2062
987
1922
214
2385
2426
1880
956
274
1348
1562
196
991
262
2399
1141
1793
1002
1011
2124
1423
2569
2736
225
256
2393
1087
2831
253
190
1660
488
170
406
2563
2999
2511
2801
1528
1306
2768
1568
1992
925
98
19
2073
2686
1038
2541
796
28
464
2193
13
2271
1590
3
1675
1015
2565
523
2334
1015
2328
2914
1014
401
1959
829
645
2303
1911
1169
2408
2478
33
115
662
2448
237
191
383
1260
1374
1452
2281
1369
2815
2694
1718
883
1155
310
68
1088
2020
2168
146
1476
2101
2180
1494
2137
2429
1797
2997
2523
1372
1750
915
2169
1732
437
298
2806
1889
2780
1899
758
1369
2494
1982
2335
2078
794
1163
1248
478
1963
1770
97
2520
1113
2362
979
2618
1647
2772
1749
1443
401
1957
1861
1343
2715
351
693
450
2222
1941
1536
2034
2665
2797
968
2341
2367
2209
33
1608
1740
952
1022
2413
338
1348
1506
1853
692
347
1958
2796
530
1490
1606
1350
727
2661
555
2323
884
369
2085
2564
549
789
191
1026
70
2386
429
628
1220
624
974
2046
2931
967
1948
2665
2500
767
168
229
1620
2753
400
1282
1019
2311
56
1393
2684
2908
1092
661
1022
1641
833
1829
1163
427
167
378
1379
2266
2311
1420
860
2266
613
980
2115
1626
1399
2542
2894
2282
2436
315
2969
1500
2506
1402
456
2316
1552
756
2830
1549
764
2741
2290
1427
1462
2426
2671
2279
2334
546
1229
508
2017
2225
2219
2797
1289
2553
1716
543
2970
1046
1026
1214
1855
2841
2526
2522
1527
2572
2844
1626
2358
2659
648
161
1203
1309
887
2240
140
1016
1954
1961
1229
1970
1228
1955
1650
2533
2572
1016
1804
566
1040
2346
1190
2690
885
1286
1883
2325
1668
2965
2795
1314
2934
738
902
235
1724
754
1324
2196
2591
2386
193
561
2424
1973
1199
433
2071
757
2500
1402
975
149
228
1400
1678
640
986
1971
1830
2582
1726
1116
1099
2699
1454
1655
398
284
2075
697
1275
1568
742
1616
448
1827
1464
2470
2422
716
162
1436
2119
2174
2137
306
526
684
955
161
1778
2018
2019
157
1093
1253
34
149
1871
1370
833
2332
2336
405
1257
1988
1054
2720
2434
2854
1612
431
2120
2659
1137
1341
225
320
2345
2077
1583
2287
2156
88
352
1079
1110
1054
1102
869
2129
1325
2873
330
1879
2768
907
2779
697
822
52
1831
664
2409
411
812
46
1092
2440
1636
2301
399
2925
1186
884
1085
1770
827
185
120
979
1836
2405
635
587
1117
551
2717
2121
1435
2164
2146
2247
361
921
409
2502
1288
646
771
912
260
1233
1148
891
393
1291
1158
2209
1965
2094
1868
1881
2965
1535
1295
2362
1132
2708
2604
2413
1361
1735
447
175
610
1515
2222
947
2418
1771
269
2020
1237
690
1214
1557
1748
2449
2040
2537
2611
2409
589
1931
2824
1915
1368
686
1191
1804
401
406
1107
934
523
223
1964
373
579
2811
2787
648
2672
864
202
746
1614
2008
918
636
549
1500
901
1310
1503
2504
1107
2864
2543
2
31
2262
1435
2025
2754
1088
1116
1985
1902
2566
2838
930
322
2212
2816
614
1355
1808
881
483
209
882
2251
1307
490
652
2534
1222
1413
2917
2257
485
1476
2282
828
1610
632
1966
784
1225
1870
1301
2020
227
2521
2846
1153
2767
1923
2465
2966
2782
778
869
2742
2996
967
1110
2521
2168
377
2367
2802
564
499
1932
1243
295
1476
1225
866
375
2292
1903
269
1627
2541
84
1724
2313
1417
115
2687
2863
588
1705
1424
1517
1448
102
1231
1188
1745
1472
471
75
87
1989
41
2515
1799
1633
2018
269
534
1062
1855
1125
501
1682
2084
2621
985
1938
408
673
2804
2424
515
2126
2822
703
1869
365
1460
2461
2495
2761
2217
1507
2938
1072
2475
275
1595
2170
2970
1073
1716
2543
1677
1567
1619
2125
1191
2268
2423
2569
1872
1789
2337
305
1233
2426
62
794
2453
36
2816
1662
1667
984
2046
1478
2447
51
1400
1698
394
31
981
453
827
1842
548
2413
2217
1579
770
1804
1547
1561
2911
1895
63
1223
963
1740
1355
883
1713
2359
640
2837
1764
1329
2982
359
2267
2843
1741
542
1796
1422
1646
2876
2869
127
1890
2419
726
2856
1202
1790
2808
908
896
1599
1463
2051
1969
2069
1696
2510
1913
113
44
1274
1673
2537
2735
2453
2863
1473
2626
310
2187
2781
2434
335
930
7
1825
725
2267
1166
2372
2173
2482
955
2377
1593
811
780
1452
2002
2826
2018
197
1523
805
426
2119
2537
6
745
2982
2221
360
2228
844
2638
2964
786
460
1927
634
2451
2354
1095
2490
710
790
2931
2585
1782
441
2116
389
1308
1873
2729
807
2022
732
867
458
1419
890
1565
1233
1460
1307
1394
2563
399
1615
691
288
2842
2581
1247
1937
2539
899
353
1420
2826
1487
2640
2664
2217
1722
315
2597
1154
115
1621
505
362
1575
2890
1458
675
2923
1914
2821
2760
353
1674
2482
2105
2129
2210
504
663
1970
1594
1574
278
1514
878
283
1243
1848
2710
2978
477
974
2884
1232
2072
2794
1424
2013
196
2535
300
2633
2589
251
2327
78
2192
364
1554
2116
1330
2237
1500
154
2254
890
707
2817
887
1405
1749
192
1981
897
1144
1512
1773
353
716
707
1906
549
2578
1922
1239
2520
1092
2863
1882
1995
951
2016
2135
828
2051
1356
57
2574
1078
511
1974
443
608
949
533
1882
2935
530
2779
1589
804
1695
2101
2904
1067
2082
346
11
911
628
630
2718
184
72
359
2893
422
1170
332
750
2087
57
1795
1279
1111
1472
999
194
650
2326
2262
581
1302
160
892
2513
2520
1638
2839
1133
2530
2321
1981
466
195
1779
2762
2538
2199
2254
144
2982
2064
1056
177
1033
1580
1899
2575
220
2330
2415
2285
1200
2854
421
427
2342
436
2331
2446
476
1913
1579
9
2381
2188
696
2668
631
2055
207
1934
1063
273
2787
2182
1848
2028
1025
2680
1343
1849
2298
2318
712
943
245
2074
805
888
363
923
1827
1150
1181
264
947
692
1213
1829
1027
1451
1627
32
2884
2586
2648
1648
2470
2420
305
1243
455
2660
1146
1979
1582
2947
1472
45
1215
233
1999
39
2548
1868
1692
284
659
2426
578
791
2680
1573
1230
2870
762
122
1655
2720
1087
1818
1226
1915
1425
1500
2163
2612
1509
627
2702
1505
1972
1097
356
1736
2520
2840
1497
1779
1759
2251
2344
1691
1012
1225
2117
1827
979
2370
2283
1407
459
289
1758
856
2351
2479
677
808
1954
2686
2231
1206
1596
1631
2261
1817
2790
994
1324
1956
1153
2069
2482
1120
1882
752
131
2852
851
2978
2767
980
5
1595
803
32
831
272
2417
2674
804
2562
1105
1295
2064
578
2235
1718
1389
108
2465
726
1979
569
2564
2584
1047
183
2205
536
1433
421
2512
2241
795
2546
1168
1814
2162
1794
1651
216
1128
2590
650
1016
833
710
1902
1791
2243
720
2518
891
2906
1962
511
52
574
2724
2066
297
1508
816
2846
204
1784
2911
1693
515
2206
537
1273
563
1770
961
2322
481
2947
2368
2360
2180
503
2898
71
2182
231
2272
588
2236
1907
2731
2913
930
1054
2152
1264
2111
776
1737
2403
1486
2429
2388
2597
374
8
1151
288
2743
754
1580
1137
192
1709
428
2774
597
1997
496
2373
696
94
2257
2428
281
257
1467
2736
403
2967
1017
1715
1129
2497
2897
633
614
2521
781
193
1501
2539
2073
2036
818
1917
666
1566
1199
2539
2537
1642
1763
2134
145
2620
2508
678
1149
933
2352
2796
2760
2428
1668
2753
2387
1471
733
100
1998
1151
185
2983
2799
734
1025
2587
2457
2736
2531
948
1147
133
2265
708
2925
2657
2720
2830
564
1979
539
202
271
1775
1275
1483
2814
1772
2544
1879
2738
2315
2485
1629
2863
2346
2991
913
2926
153
664
892
2008
1137
1434
806
788
1352
732
180
2776
816
1899
2558
2778
2071
1990
212
733
328
874
469
161
2247
479
1904
239
1732
786
2889
254
1087
891
2305
674
2122
648
2890
2885
1704
1302
2632
1184
1608
1498
741
680
308
634
329
1064
30
116
2090
2387
1120
1527
1024
554
2503
487
644
1932
960
1653
1150
330
2115
723
328
108
1188
854
1449
1563
1127
2083
714
1051
762
2234
2220
38
885
530
2217
1535
2246
1165
1264
2288
1239
120
2755
1449
2630
1391
1874
1850
1939
2171
466
518
2502
2699
947
651
911
2878
694
1806
1222
2822
1251
2836
2942
2894
20
2835
2749
400
439
847
1907
2563
656
1527
2998
1164
2909
2372
2563
2768
2565
2573
116
1499
863
1626
1114
236
2257
1669
957
2799
312
1566
219
2219
906
650
1597
1733
1327
1755
2112
1436
1414
2694
475
153
826
813
450
2226
2116
2677
1895
1274
1167
940
2949
2282
2498
1287
1938
2153
2644
1736
1611
572
1505
746
828
1275
992
2759
1201
2102
2607
1940
835
548
112
1569
283
1206
2756
2439
1094
2427
2609
812
2602
1496
788
1113
2527
303
703
789
1593
1279
2014
2295
1403
2040
2012
2708
1273
1371
434
1193
267
1733
318
2205
2686
1803
2719
2834
346
850
438
417
2777
1337
2550
864
1158
46
2711
2926
2882
1651
2697
677
2616
18
482
2886
558
1046
2404
2241
1644
2402
411
2011
883
2214
123
1964
1412
834
370
2262
241
364
454
2165
2774
392
2545
803
632
124
2322
2949
305
1159
2732
1742
218
143
1702
1890
2393
1629
1940
2782
313
2522
1775
1012
985
210
1290
2409
2633
425
439
1736
1807
2558
2830
1931
1501
2850
395
1467
1446
1606
1190
2778
574
1951
96
342
2032
1656
1519
2571
536
770
2180
2921
2136
2683
2213
2255
745
359
2957
2988
94
141
1856
1913
1555
46
1733
2718
1317
203
2985
1995
1852
1201
2959
1896
1681
908
1292
2291
1284
1623
1355
2475
503
1903
193
1578
2642
2321
2464
1200
1691
1967
2940
677
963
1365
2619
1985
2797
2900
1763
1483
525
1643
1252
1029
1098
531
486
939
1282
1801
1261
1222
723
1036
1063
646
1550
188
1755
1433
1648
882
2105
2652
1103
463
2155
2929
1323
45
1165
2722
2180
2359
36
2235
428
2254
2851
2618
10
2512
2675
1742
2119
401
1658
2660
228
520
1906
2216
1929
2380
2128
1588
701
1215
1561
2676
2023
359
402
2847
1927
2885
416
2510
472
427
1862
1941
905
680
1234
952
1197
2303
1874
216
2157
2331
265
2317
2148
1855
1049
2357
223
1274
1747
2088
2237
190
178
2700
1260
2880
2382
1702
2527
1330
252
414
93
1242
2124
400
2978
2405
2553
287
2746
2567
2322
1486
2975
1053
15
1951
1465
1616
2815
2273
2035
217
1686
1974
2141
1216
38
844
969
1225
480
2089
553
46
1326
27
903
1001
2872
1695
609
587
991
2979
83
519
520
2510
1590
1557
1008
1321
2302
2834
19
2482
121
579
98
2872
863
1296
2003
283
1175
2397
86
1015
803
1131
1585
540
2552
2557
333
1080
2062
2107
2706
1115
2505
847
290
2693
261
1123
2819
907
1797
1130
1417
847
1978
1009
946
714
11
2528
2597
1752
1312
1180
2929
2442
626
1935
1121
200
2783
1132
2357
2182
2128
2772
2453
936
1162
2358
243
66
241
496
1688
2399
225
1707
1459
116
2014
2295
2516
1540
516
1904
249
1183
1398
827
1762
1871
392
663
361
1026
218
1655
1075
2511
1052
1378
2968
2699
2352
174
1360
894
735
75
2831
970
1233
2808
1552
2148
1284
322
1919
1261
1470
323
1193
1080
1499
1006
1337
2750
715
843
1815
1733
1313
1945
1936
56
176
2020
323
2095
2145
1600
1674
350
576
684
290
948
1275
369
995
104
446
1713
1256
839
440
967
340
2977
1468
524
861
1766
480
2233
303
2967
800
2813
1658
2422
1579
1544
1669
1532
1387
982
2778
161
2813
1901
665
2568
784
2877
2221
2547
1662
1836
1091
5
176
184
2305
1507
1084
1281
136
801
203
664
1498
553
2728
1983
1846
876
1957
2147
1013
98
1786
1230
2880
673
2784
2668
2044
1023
2563
2632
2061
407
2737
2743
889
2473
146
208
2576
1143
2447
1195
765
504
109
2851
1553
2363
2469
804
1518
488
1752
2593
642
667
793
2099
2060
1975
1424
869
2559
2439
1833
1395
2318
639
1551
2217
1115
2871
1837
2702
1470
1096
1642
2123
1460
1720
997
1741
875
205
2964
1642
727
2117
1356
152
1550
985
1801
1999
2880
2375
2428
2036
1874
1181
1790
1901
2102
1952
81
1828
1134
1995
1993
271
337
371
4
160
2069
2553
1055
1479
29
1564
2787
1272
930
2481
2622
1321
2569
378
731
1752
1060
2175
2182
481
780
1921
1941
516
1739
678
999
793
2564
268
1209
2569
1260
1977
1053
537
1039
1791
57
1095
439
1534
1738
1619
1391
1046
2804
844
2893
1311
1761
1865
1790
1203
914
2828
1163
19
2296
2007
1962
2635
2761
1474
1125
645
2118
1537
993
2483
1536
1492
2462
2343
962
1195
1173
810
2682
368
759
972
2509
1322
644
2722
1948
1284
622
906
1852
168
287
2483
477
2742
1318
2775
2845
52
1500
2051
167
163
302
2285
2374
230
1796
395
1018
2109
1418
502
1947
918
2996
579
1402
2063
2687
2578
2839
301
1453
2428
934
2317
2593
2751
248
2518
1049
1020
1996
1817
123
550
1158
1963
726
2061
138
2234
2850
2089
488
2729
2177
820
2444
2595
35
103
2846
2252
2491
753
2659
1971
789
2098
1233
2471
394
1466
1465
1890
1094
2270
2267
418
2384
1945
1506
2555
616
2551
2537
1484
712
2350
1595
2318
342
1467
641
1020
274
2102
415
533
2161
2957
235
403
2760
1674
55
36
271
2749
2496
442
1611
2320
1412
1469
2684
1519
496
2777
1701
2796
1488
1823
653
2027
2642
253
2169
1715
2190
1163
1226
856
2342
1260
1932
1613
1655
2865
1503
358
773
153
2073
1849
613
2860
2823
380
212
1560
2776
830
2142
2650
1162
883
1100
1334
529
266
1069
45
1836
2656
170
653
152
2351
1288
139
1028
176
523
2110
1656
150
887
1001
2220
247
2561
2235
295
2267
1372
2441
1341
1193
170
2525
253
231
83
2122
87
2226
661
1670
1207
705
744
1785
804
192
353
358
2795
1056
838
2615
2199
2585
2345
2903
882
783
2268
1805
1468
857
2520
10
1748
278
222
2936
2004
2448
229
189
2140
2763
2932
1530
170
1650
1102
1903
597
830
861
2452
2068
583
242
2867
89
1253
2257
2447
212
46
1319
775
1190
461
1040
2792
1795
1467
736
2806
567
678
1220
1245
2065
925
2720
2855
2805
331
1501
2898
2974
2763
2023
622
553
1122
2057
2519
1169
1298
1670
1623
448
1299
1117
163
604
204
2944
2846
1659
2162
899
697
1488
2223
851
387
1235
1182
779
1875
2434
1603
454
887
2777
1203
2661
2105
514
1371
1262
81
800
887
124
308
2715
2701
881
2984
1636
2299
875
305
900
2307
2804
201
2228
2030
2801
2603
658
2360
1580
2844
2371
2297
187
1266
2638
1317
121
2391
678
2309
2048
244
1812
1514
182
1017
2626
1234
1874
495
1612
2331
2725
1261
867
1100
175
250
1092
2796
54
1993
1692
641
2859
1003
1857
600
801
769
485
492
943
1458
1542
2480
463
958
138
2413
1196
1994
2087
117
694
2914
1467
660
2925
2059
904
1826
809
1029
2585
2221
2281
1580
1830
1752
1207
2675
1680
2885
1354
170
1654
790
2243
2197
2461
1357
97
1738
17
220
2558
301
339
2594
1720
1960
2756
366
1428
293
1777
1316
2831
585
94
2772
2495
2402
1396
2814
2230
2923
936
2962
12
2510
1312
1562
2255
574
573
762
683
357
1990
1116
1274
241
411
2933
948
2923
1365
1285
891
1912
1866
1306
1241
2789
2268
1101
2337
2552
2016
2004
767
2782
514
474
439
1438
1643
764
967
1028
2448
1541
2054
1810
1787
2965
210
2339
1884
213
275
718
1422
543
1008
2907
2797
2048
2619
2597
2561
792
379
2000
2715
188
1197
2557
2325
1121
1181
1971
997
1770
1425
554
1476
2707
2866
1534
2116
1806
1901
2560
1341
12
2944
1352
1400
758
969
2181
1366
1790
2471
2031
286
898
2181
2575
2394
2723
2429
665
2242
2905
570
463
1824
626
1261
2599
213
205
2367
478
2051
1793
1609
2730
328
2307
518
1813
2759
1350
2359
1185
1317
1955
1370
2261
274
457
1738
1135
47
1033
1824
1761
1536
1013
2102
2302
2335
1236
2139
106
2336
159
69
2712
1962
719
2374
107
1374
2059
2575
758
1123
1323
1311
1246
550
840
319
569
2593
1592
2631
193
2815
2714
2127
2240
334
1497
2864
1151
2307
1145
2408
2361
1896
1846
522
982
1987
1888
1769
918
1576
1137
1893
298
880
2324
710
2168
845
2332
2272
77
41
1042
1416
100
2115
608
2581
2692
1836
391
2829
2998
2068
1
1599
2282
1801
2486
2479
2684
1530
1441
2016
265
2091
2054
2762
1680
854
274
1477
1224
2802
1993
2651
2359
785
2012
2876
1417
2536
284
2232
2420
330
2858
340
2548
2250
2716
317
819
2349
2549
755
796
982
747
1155
2963
1898
462
2804
662
1347
2208
1672
2916
1753
1688
776
2076
674
2571
1044
2182
2333
2717
1082
387
1508
911
2965
746
1969
84
656
343
2495
1
1326
1746
1915
1620
870
209
1099
2781
2048
308
1959
87
1632
29
1262
2882
327
662
434
1532
1399
518
2851
646
1711
830
1102
593
2258
1112
2938
1161
2662
1522
1920
1772
729
835
1056
1020
2050
2253
518
1153
2551
2019
1312
1742
1731
569
236
1071
540
1024
2819
28
1082
2132
953
2527
311
2526
74
281
1868
1175
2288
1548
771
146
2103
265
2351
54
2214
2148
1622
1608
982
2180
375
2510
1577
2379
2508
1981
709
663
1502
1474
997
237
800
1360
2705
2949
431
2720
2840
1384
598
2348
275
2543
2677
1376
53
2439
1207
2457
837
2221
1492
609
477
1199
382
72
565
2686
1625
1581
2383
1370
449
2640
2809
590
2562
151
934
890
2836
2174
1003
1989
973
34
2739
206
2843
2343
2861
252
1123
732
1203
2666
339
1259
149
629
2996
1687
1203
468
1347
1960
1374
2368
115
2023
1322
1851
21
2897
350
2202
2474
19
1977
1430
2215
2828
2667
1554
1862
2144
732
2685
2284
1520
903
727
351
2903
1411
484
228
1554
2797
175
1736
2685
302
461
2015
2104
2002
1397
413
961
2400
2023
700
297
2014
2486
1733
1984
542
1362
1935
2712
1455
622
810
691
2584
2035
880
2942
53
1494
797
2818
498
1769
10
1592
2528
342
1432
2387
788
2176
1921
110
984
1158
1896
2944
1755
2182
2903
413
2812
27
1686
381
852
2706
2419
666
379
1396
3000
1788
1072
1714
956
2741
116
53
687
1589
2182
371
1771
2730
1164
517
360
1050
841
378
1458
2305
1831
1996
1287
124
1842
2758
2472
389
874
1228
2291
620
2412
1745
2344
2337
1331
1819
555
90
2296
2846
299
614
372
542
601
177
1295
1583
2946
99
2333
1793
24
1492
1062
461
1749
543
101
1474
2546
2360
2362
311
500
178
2700
1750
985
2815
1346
1582
1366
1797
2637
1363
2234
626
357
2800
118
307
1616
77
2791
1942
2247
4
353
1142
887
1617
2372
692
1039
702
1535
1375
1146
2941
908
302
717
249
2806
2172
401
169
2462
2342
680
2185
137
2882
2489
2118
1802
633
1408
577
106
2073
530
678
2069
234
438
2512
992
2863
2737
2882
548
819
958
2814
2311
1065
1338
433
428
2699
2336
2789
1930
1035
2359
586
1531
464
1489
2094
176
2075
2647
2021
191
462
1613
665
2270
286
1661
171
590
1607
417
2387
2767
747
1030
179
2810
987
350
1110
2273
2289
642
140
1490
2057
1663
2680
221
609
1524
762
1939
1407
743
2108
1139
1374
947
2399
808
2412
324
916
2744
601
384
878
920
2350
1812
1147
1768
1
1179
2850
1333
175
2837
607
1788
1267
2571
1091
2888
340
1510
2566
1847
2448
1000
2584
2316
2339
1206
1924
1316
743
498
199
463
157
594
2507
566
632
669
952
1987
184
434
556
1632
995
2039
666
2257
2819
2845
1720
514
786
581
1294
1009
2460
1865
1703
2927
2049
1465
1498
2735
750
1590
968
226
2897
2522
2228
2289
342
862
1228
555
1803
1936
2955
2737
1262
2966
439
2527
493
2416
146
90
2001
2619
1267
2358
2355
2396
1532
353
1567
2889
1778
2129
922
1733
1114
1174
744
724
1091
1950
2495
2652
1652
477
74
1938
597
959
2516
1569
126
563
1191
1508
1407
2759
2766
2894
7
1437
958
2928
924
1
2673
1538
2217
2105
1996
2853
1354
2574
2424
480
2859
2373
2598
1474
1641
601
527
925
60
1713
2002
1648
1168
1786
2184
2301
2994
2378
2037
977
2286
490
2857
1047
1764
1494
1434
227
2641
493
624
1927
942
484
943
10
599
2240
1231
2137
2297
2112
2145
373
267
403
2179
1570
360
2050
2860
98
1205
2453
1525
200
2437
2019
1809
874
67
2909
1884
1093
2816
462
2888
1004
2966
328
1609
2200
1859
399
1343
205
1672
5
2247
2977
1614
486
2545
1519
1830
1078
1424
401
2593
679
2618
2345
1044
2438
2132
2317
2232
1416
546
1545
2114
588
2922
2206
410
1557
1647
2935
1737
1137
659
1771
337
136
1028
2616
1304
2295
1301
1505
2492
222
2866
477
2201
155
811
1799
2467
998
2526
330
1539
2014
2430
597
1207
643
842
924
170
1760
2672
2258
656
2873
1539
1142
224
1359
597
1320
2651
1190
626
1717
1570
942
1804
675
2888
2618
1071
616
734
1782
2073
2051
1393
901
759
2863
2063
682
2658
1056
353
445
1129
1433
2950
1196
2577
2687
950
1016
859
2824
542
2874
2126
827
1569
2158
2419
723
133
2072
234
2701
196
708
1614
1129
2039
517
1630
1194
1738
1609
1266
442
1477
1680
2771
276
1872
1086
731
2128
1859
182
1611
2182
2759
690
74
2983
788
2100
718
2372
1085
1729
1228
2691
477
267
2974
1716
2887
687
1202
1655
2804
840
1625
103
1311
926
283
2859
2534
2851
2669
634
2458
2777
2286
1868
1724
231
2725
1132
1078
66
2915
2930
1345
2391
2223
514
198
2593
1565
1673
231
1435
1596
359
1374
759
89
11
2551
441
97
1392
1427
1324
2706
2592
745
442
1267
1602
905
989
2762
1984
569
317
935
849
1948
1745
737
204
474
2556
1597
1794
1930
440
1985
2507
2616
1327
182
1014
2513
1862
2109
1124
1095
1679
1459
976
626
703
500
1016
405
596
2196
186
1300
2430
338
972
2905
1160
2613
20
1078
1340
2512
928
1224
2630
2786
143
2904
2361
2052
102
2192
2377
70
2223
1934
1910
2273
2849
1317
1705
1462
125
1374
2077
2833
791
2681
2987
105
1656
881
2973
2646
850
2216
867
1201
2580
1291
1526
1028
2721
1351
2139
2785
1689
9
99
2986
259
2807
1443
1947
1700
1533
1212
192
2574
2500
73
2019
601
1465
2309
2761
1953
2694
2525
426
2800
2692
1666
265
650
273
2186
574
2880
1289
2971
335
125
644
2407
2743
1953
839
788
2126
2442
2786
1953
827
536
1587
1490
2371
2114
2431
973
2824
1800
1441
2892
922
73
2772
333
1915
2434
670
839
1958
1993
1487
1796
1235
2617
2313
2581
1215
2816
2591
1630
974
2480
1441
2436
856
2763
2138
2237
310
2746
996
1158
2060
327
2981
1094
689
504
2105
2089
1603
1260
601
2773
2906
896
2342
2481
19
2518
375
918
318
286
2854
109
250
812
2112
1850
2629
1154
2771
645
1940
2046
2472
2013
2260
2611
771
2757
2026
2354
1965
2683
1210
605
2878
2842
2111
1873
1670
1555
2705
1612
1537
2893
1116
2510
343
316
2475
1848
2860
2495
619
1439
1741
2543
1925
944
1581
187
1276
437
2852
2538
1891
2189
849
373
2115
905
2947
1292
1604
2588
958
2813
532
2565
646
1782
473
1490
130
1162
2167
1397
1776
2173
2920
105
1209
840
2187
320
1566
2255
2174
2377
368
30
1689
1230
68
2978
731
2057
1239
382
951
385
670
2873
2071
2862
139
1385
1290
2738
2695
507
1826
1368
91
510
1202
1725
1329
2611
418
2274
2554
2888
1122
1303
2527
2906
73
1622
2310
2436
1507
1917
124
1406
1836
2498
1206
1155
251
1127
45
2148
2463
2608
121
2814
1860
1383
2872
1194
2086
743
623
1512
1595
1009
1927
534
56
1303
2502
645
1170
118
2515
1185
2056
777
2887
700
1528
24
207
2341
2198
2779
688
1453
314
1902
234
1251
975
1134
2790
2523
2134
330
1119
1366
336
2059
1203
2163
1990
588
405
22
2645
769
2943
68
2219
780
2676
546
2971
1468
2537
368
263
730
691
900
1382
222
2599
1208
1762
1146
341
6
2181
1152
1081
1582
2404
681
2067
1570
1061
743
1644
2091
1215
1534
2277
571
8
2853
1207
551
2554
2265
2734
2612
2300
888
481
1544
1961
142
1498
1431
1857
1696
2070
2353
2429
2824
2297
2122
402
584
2151
1165
1149
311
1074
2481
521
2092
965
1325
1426
502
2671
1159
626
1076
1464
1047
1815
1979
1124
2597
792
2895
200
804
1455
1988
299
2990
182
1826
1690
2523
311
1526
2103
1728
516
1610
2240
4
1399
888
1768
1644
1575
2864
1760
820
1247
1116
1427
2685
1155
458
597
628
1740
2883
990
941
2877
877
261
1171
558
1334
2033
2097
545
1571
766
894
1515
2998
2159
2735
277
2289
1520
2079
1609
1562
445
1308
550
2817
2634
2025
2377
1904
1951
1700
801
1498
725
2165
2792
214
466
1508
1140
2442
873
2538
1464
795
2851
612
1665
1900
671
1856
1505
1392
2290
1146
2864
1317
2489
2015
2655
2376
375
2312
1018
92
283
2721
1705
1821
1042
869
770
2240
442
2299
2827
1760
2850
1815
1387
799
1718
2004
2687
938
383
182
804
2742
1235
1049
2713
2998
915
2155
1231
946
2313
1117
1066
262
1490
1668
2902
2359
2832
834
1434
2694
297
1068
828
524
886
685
444
226
423
1026
140
74
2049
2942
2380
1819
1781
2241
1502
264
2401
985
1677
1849
979
1718
942
1219
2375
2360
1269
1626
2887
1371
1874
524
1389
1406
1056
490
1326
613
1164
888
467
2654
1713
1653
463
1682
1635
1050
554
303
1356
2258
2667
2190
816
121
644
2268
2031
1480
1453
2328
99
2461
1178
662
991
1479
2285
1985
1
2922
2268
1990
938
1062
2341
1539
1061
1610
2354
1223
330
2988
1763
2541
93
2289
169
629
1514
2761
1789
1762
345
2914
1762
203
2961
1133
88
454
156
673
2090
2534
850
1937
2475
1520
1444
1466
2646
797
2898
1415
2249
2191
2877
2268
952
1877
2723
2724
572
875
2611
2516
300
332
1709
819
366
787
1304
2808
361
1842
389
2737
717
31
1669
273
279
2592
650
188
1279
2873
2833
246
937
978
2802
1997
123
761
2641
2036
740
1335
2661
51
81
667
2394
1877
2208
2414
609
10
1473
2368
1674
36
640
2362
1407
2156
1032
908
1508
528
1676
270
2819
385
728
35
1941
2530
1549
930
1638
1696
891
2360
866
685
2085
2834
2042
1346
2975
2408
1305
872
2905
1536
485
1906
1429
807
437
808
2725
798
2419
1918
1199
2169
491
713
825
2005
2080
1218
742
1613
1261
1129
2974
968
2640
1065
1100
2017
808
2026
2676
95
1854
1768
2787
943
1334
1125
838
2307
1344
2885
2321
460
2854
2992
1819
2333
2250
1925
2287
2260
2683
1057
2118
2621
685
1165
439
2161
142
2424
1779
719
641
2008
2916
2599
143
2132
2792
2785
1017
2800
2642
1978
1913
122
1606
2704
1400
1371
1686
1814
1766
197
1132
2510
341
179
2911
786
2926
2038
86
2592
2049
1997
1643
1742
2402
1410
1094
2551
1297
302
2326
2779
134
1448
1667
812
44
871
2908
2926
2754
725
2607
292
61
2249
1306
1256
337
949
1662
1163
2793
2731
2109
1991
1236
948
2670
145
513
489
1000
844
48
645
2410
1329
573
991
219
1539
652
1152
997
55
461
2710
1991
2602
438
1515
2899
847
762
1084
2392
2356
1019
2311
2671
1150
506
1063
1496
295
2919
725
79
1902
2299
1915
1937
1387
1377
2074
2932
1266
2880
2281
2573
784
2956
2670
2299
309
2108
858
988
2238
938
963
2629
2420
1402
2013
1733
2107
1105
713
1073
1743
2945
332
2715
1895
2053
2778
2491
1061
2485
1486
225
588
85
1129
2070
2495
2879
2531
1697
1437
2315
2942
177
897
1681
2693
2262
1730
1068
1920
2154
1721
2616
2136
908
763
2808
642
2624
1499
1193
560
1970
2989
656
1858
2848
653
1255
1573
397
2781
777
1827
482
1955
1451
848
1434
500
1024
1696
290
2323
2174
1711
2679
1709
1181
1232
1418
1189
2678
179
2204
2539
552
518
2952
2760
933
34
2467
2170
1972
1494
1414
1454
1318
1024
470
766
1461
964
1811
1479
1263
2647
2346
2098
860
566
449
980
1343
1468
1660
2229
1014
901
2962
1986
135
736
2288
1325
318
1428
2570
1963
892
122
917
1366
2445
1704
269
56
246
1975
888
2925
2061
1299
2624
2074
2020
710
2846
2068
2436
187
1578
347
1344
2516
583
2315
1494
880
2846
1014
1202
1459
2415
2477
901
1102
2865
2556
497
1887
1412
2787
984
2796
2992
603
1616
594
192
1095
446
2588
2277
2532
1830
1816
1992
2856
261
918
2549
54
1165
1558
2734
1435
2032
2895
661
2415
656
2413
8
523
1516
1362
1819
1220
1429
2495
439
362
463
756
2752
2797
441
887
269
221
1393
2255
2170
2950
1226
566
1029
1965
910
1279
2113
2635
1106
350
828
538
1212
1290
1728
2108
2500
1146
777
665
1994
1270
2881
593
2518
2869
2113
2062
1929
2507
2954
2556
2425
333
2438
2855
2824
201
2286
495
999
2295
657
2675
2263
2977
336
615
462
2560
721
2962
2598
2873
1046
1280
2838
25
23
2696
200
789
2673
866
1961
2399
695
1417
2677
2167
2902
1220
609
2320
438
1202
93
952
1475
2629
2140
1581
351
1410
2963
1504
2236
1957
1423
1601
1241
1338
573
2758
2076
1681
2647
39
541
1237
1954
610
1445
1768
1141
970
734
975
2396
2433
2625
623
2548
2997
554
1277
2355
524
1223
2142
1424
2266
2878
1697
278
1316
2690
1011
116
42
2683
1716
1628
120
1325
389
2587
1756
1895
2110
176
2837
1373
2613
369
2161
954
3
1154
2805
341
1754
1577
2735
757
2096
1439
927
1528
599
1109
2288
2225
1639
2436
910
6
1061
1816
2545
11
2216
1436
345
18
278
2181
1475
269
2524
135
1567
2173
684
2074
950
873
350
2833
524
1705
1889
2003
2986
2873
1190
2684
1922
1655
1588
1230
2556
2639
971
754
861
2158
381
2295
2450
1716
767
1618
934
2268
1371
1423
2394
746
1130
1254
2373
2499
2882
433
220
845
2035
259
2854
2934
2474
2804
1482
1491
1242
806
228
2880
1474
1651
842
834
709
1587
1913
2071
2263
90
965
603
2048
2094
1171
2509
1195
1594
492
2782
378
317
2191
588
2787
2657
2986
1824
2712
1650
1677
2408
2159
2209
2422
1895
1077
698
2703
2067
1355
2718
1876
420
719
1775
103
300
562
2222
827
445
200
1356
502
2045
2745
2687
2407
1164
1687
344
1360
2207
415
343
2954
279
1376
1249
1422
2231
2872
966
1837
1053
1854
2798
2314
838
1088
1603
1056
195
1827
1574
545
2721
2050
1497
1935
2517
2483
2000
2644
2760
1426
81
1292
1644
1284
214
1947
1730
2491
2460
497
1381
2352
533
1462
1212
784
2140
545
2289
1966
167
1306
240
271
148
375
328
1346
1735
176
1171
2167
2750
2732
2852
2459
2710
52
813
2734
1083
1764
49
2211
1832
514
893
360
424
2744
2558
2972
958
1856
1705
2460
1262
2802
1159
390
745
1029
67
12
1171
2870
1092
867
161
1395
1702
1648
646
2099
365
983
2918
2836
2072
2407
2454
1842
2960
2693
384
785
51
1780
1702
2157
2353
269
1185
2784
1416
1125
2712
1556
1388
2389
2571
2351
1797
1442
2186
2694
1181
1638
1204
1815
2412
2983
214
187
16
1593
1000
2050
1490
2642
2178
2858
186
703
1218
1656
237
2092
1407
2645
2667
653
778
2058
887
1957
1192
2253
2902
1428
1343
2836
1398
619
1794
406
1995
2396
2314
126
1316
1161
2702
2984
2600
1185
2917
332
2346
902
1490
1258
88
2622
60
2202
993
2705
2915
245
70
1484
1163
1330
1938
2457
1241
2289
1755
2837
2525
1359
1913
2697
1489
283
2895
326
2043
813
1001
2462
1790
2843
1492
2979
851
2244
2039
1004
2630
2324
630
533
1605
841
501
2364
2441
2724
2254
1405
2398
712
2493
46
2082
2056
107
811
442
2820
686
1269
452
1993
2259
1774
1169
191
2977
1831
337
744
1252
1449
2709
2936
1228
233
1844
2435
987
2478
463
1025
2190
2771
729
2172
344
835
1767
1095
2026
2192
2084
281
2120
2522
2792
1441
1548
1666
252
2595
1917
230
1683
2579
1406
2676
2142
711
2872
673
2834
1630
2182
2964
1215
2941
1495
2882
622
1136
2529
2317
1994
735
2496
2729
437
977
1342
1479
786
953
2936
111
1287
926
1497
16
558
770
711
206
459
260
2893
872
2528
2513
2597
2859
1904
2749
1274
568
846
1818
2163
1440
1124
2293
1053
527
2742
1749
261
1376
1292
2233
2079
2035
2962
981
2736
2317
544
2321
2853
607
1592
994
1284
1681
2555
2778
1993
1945
2883
2395
1341
1337
2683
2720
24
2085
1471
1396
1673
2940
1154
657
792
296
2117
20
1348
2221
335
2108
2793
2360
1270
142
2277
2153
1028
613
2335
2538
2628
2341
1548
525
2972
1576
2432
622
1570
2608
726
1892
2592
923
1209
451
2281
1036
1025
2402
2536
948
713
1883
1186
1295
906
658
509
2101
2088
901
1980
1673
2824
827
1151
1734
2945
660
861
946
1469
2702
247
514
1193
437
597
2405
2242
321
1688
2400
2803
1903
1419
204
2436
1463
651
2838
2020
1101
2934
2004
482
1935
743
465
2036
1627
1891
2766
1528
2333
330
405
18
2819
152
2471
2713
2283
1655
1115
1589
726
417
1853
624
1127
703
2257
293
262
1752
1251
1085
206
1147
2123
2872
1514
256
1299
2449
2709
1489
858
361
1713
2513
311
1115
883
2612
686
99
1246
2536
2733
2746
567
2801
524
163
2875
1636
2238
1329
2822
818
2924
643
676
885
1505
1295
1768
644
610
167
722
667
263
2818
717
298
2679
2630
2464
299
897
2715
2677
217
1125
1847
2918
2328
2933
1751
1132
1337
2522
1375
1845
756
129
1414
2132
2279
150
1757
102
1796
190
1603
868
658
2467
2267
2255
602
1766
2284
2677
1260
862
823
1402
1759
1925
890
2875
568
1188
259
2452
458
1395
26
2358
547
445
669
54
1824
179
2868
2316
1235
2806
68
2477
1854
153
1950
1299
1466
1583
298
2431
170
317
2787
1457
1986
2393
2939
2335
2687
2574
1649
558
1599
1071
27
1312
622
2753
2851
652
2141
733
2678
1303
1596
2101
982
552
1750
2928
1870
239
15
1656
1771
1210
808
1126
1231
159
1010
665
108
737
982
1856
1478
2529
2225
273
450
4
1046
602
1480
375
2491
2532
321
1592
2913
1878
1119
1170
1834
2546
2864
1191
1841
1588
1065
1135
1537
2607
95
326
1300
2786
1544
225
2638
2787
667
2155
769
2615
2472
1369
1147
368
2142
1771
2354
666
1474
2896
353
1212
2485
1651
2879
2829
985
2164
530
2192
830
925
2819
2314
1671
537
860
2991
1414
1432
1853
830
1425
563
1386
2120
1518
2370
1353
2070
2432
2066
1415
2006
1573
503
1997
833
2619
1144
2694
2647
2631
2621
1066
1159
207
2927
257
2129
639
2305
1951
2989
1410
2369
1283
1841
1543
2925
2391
2886
886
695
2413
2705
567
2983
1276
2351
1570
2705
1383
2400
208
588
1771
458
2119
2787
673
2671
2713
2387
1028
169
2588
2232
1591
2497
2597
1098
706
1039
2110
2196
585
1007
544
198
1431
2291
2759
1832
1800
2455
633
814
1806
475
2993
2071
323
1894
2309
2627
2352
2524
1651
1581
1697
1663
1265
2256
2562
1854
2
2814
2887
1592
1152
769
1081
1783
1808
1116
2423
1378
1845
1683
2590
128
2380
276
448
157
207
2795
107
2347
1914
2183
2602
1323
259
2066
107
2432
2074
1360
1048
2229
2404
1618
2744
1079
1291
482
87
1802
152
2617
636
97
2891
235
2010
1050
691
101
2199
1047
216
147
2877
942
438
2565
1433
613
77
10
1294
1480
1470
2686
2513
697
2694
1731
1185
2458
273
433
472
477
2286
2325
54
2362
1244
1068
216
702
2340
1922
2600
1377
209
2612
2363
1352
263
1074
938
168
2283
484
1297
1334
912
2590
1949
1310
2169
1101
760
2753
2540
2712
1468
1495
1258
1902
694
2630
659
2140
1381
2843
2574
1304
389
473
2685
399
164
2646
932
2409
1639
1625
1540
2088
719
295
2423
399
895
1458
603
2365
2411
243
48
2020
2361
1451
103
1667
1423
1262
2330
2044
270
1137
649
1999
2529
636
2054
462
264
1629
2878
839
2567
2134
2688
2261
1613
2155
173
1214
1227
705
216
380
970
2104
2643
368
2237
254
228
2243
265
438
2957
1146
1319
851
1912
2828
80
1670
1322
154
1378
213
1190
2392
2750
1606
2758
1622
515
1461
1562
548
895
2264
237
2944
922
2661
2256
2262
1526
2099
116
2552
2795
1135
2689
2092
2933
1992
1164
1511
2982
2248
2615
1434
480
993
2216
1074
996
1188
216
775
1589
2151
2140
1398
930
865
428
656
1455
1595
445
2941
2300
2318
1313
91
1201
2587
1376
1650
1248
2823
1275
591
784
1456
465
2683
1092
2629
1589
2421
2061
496
300
2200
1566
141
2938
2888
2889
2903
126
1975
2724
1113
2821
2908
322
2517
573
2008
2910
1790
2352
2041
397
846
53
507
2276
398
1480
100
1670
2270
2164
2956
459
559
703
918
906
114
1379
2916
103
1939
1308
1346
2552
2473
1818
2456
1727
1845
2639
2083
2747
1663
2641
2020
192
530
2496
506
714
2904
414
1398
1383
667
323
737
2280
987
2100
2837
1290
1523
2931
2902
572
719
498
1783
799
2658
2845
629
2263
2739
2606
198
1027
1659
1095
1251
2901
1323
2201
138
1283
1208
2654
2227
1953
454
80
570
791
2695
2844
452
2365
880
265
188
1158
1976
41
585
1726
2419
2607
1116
2511
2120
125
749
2575
1237
2067
310
1760
2876
2609
772
2784
2802
2260
353
1668
1618
981
2097
1101
1906
2782
368
243
247
2659
1888
2189
2022
1337
803
902
2337
2290
348
50
2768
439
1084
2361
1912
961
2661
2355
1973
11
2341
57
1532
21
1268
2829
167
1136
2916
2628
2630
2232
555
1551
2581
384
1651
62
1985
380
519
499
1666
2181
1810
2143
1031
2965
2675
1943
1987
2352
2856
1961
2672
1988
2575
1901
618
267
2175
2842
1555
2469
1749
1936
351
1615
2509
315
1531
2283
2908
1668
366
1793
737
1300
1285
1070
929
1180
1322
2677
2964
1549
1215
2954
1302
2930
1021
913
88
144
2510
1181
2699
2047
1567
65
2113
848
44
1948
1572
652
1452
1984
993
197
1306
2218
1151
1496
2037
1177
856
2674
1137
2078
2824
739
890
2832
459
470
756
2020
164
1712
1962
1356
342
447
976
1815
829
255
2365
988
547
740
2357
2523
1474
2428
1845
455
169
1338
2714
1417
2404
2171
93
1031
1350
721
203
2250
1717
1971
568
815
1819
939
292
2597
919
745
1317
1560
2069
2367
186
3
199
1408
2633
2647
777
372
1639
1752
748
2639
2874
2374
642
1891
265
826
451
1989
541
324
1281
2658
499
2262
2330
2627
400
2888
1041
198
1671
875
2065
856
992
932
565
1588
633
2832
608
1625
2390
2697
2564
1191
2765
2421
2082
2282
1372
966
2556
2890
427
2327
1794
1100
1177
1291
1876
290
469
2639
2404
1595
2207
1128
2828
896
433
1341
2705
741
601
2958
2977
1678
2881
1072
1326
97
1573
699
2672
2495
2099
15
1365
682
1252
2644
1504
2364
2093
843
637
314
877
2477
1287
839
2178
1646
330
1964
1349
542
1077
258
2212
1421
1390
2582
1059
1248
85
1805
1516
54
2846
695
356
1218
129
1263
1275
2809
561
1024
1240
1734
928
1903
1469
1657
2715
118
1324
2275
572
706
2456
532
1436
2878
1026
648
2758
2156
1475
715
743
75
676
1429
2929
2301
2994
2940
2374
150
1746
1976
685
2675
2829
242
2275
2118
870
1348
977
2659
2991
714
1965
2751
495
2514
1934
2431
2424
2830
1172
137
2043
1100
740
110
1497
1270
2337
2816
2105
2017
395
1391
1339
1519
1982
534
339
1837
456
1609
120
2188
2187
2053
1520
2158
974
225
592
2110
2371
2497
934
1177
943
370
276
1031
271
1106
2419
688
267
1067
2409
300
549
890
710
1196
2245
1172
1489
2498
205
806
2835
476
1364
1557
722
849
1511
540
1229
1556
1050
13
2401
375
2343
875
1981
1862
578
256
995
2641
2966
799
2844
2239
791
2887
1819
2113
2232
1813
1271
2791
869
2781
1410
2209
1995
2902
1736
2852
2491
677
1992
912
393
2184
2432
1302
2396
1962
1536
1022
1704
1575
513
1565
2666
2342
897
801
2074
1458
1091
1928
2969
403
2344
1232
411
2347
2652
976
2840
768
2840
594
2297
2757
144
1496
2673
2949
92
2477
236
1849
1476
2935
1366
1192
1941
813
377
1496
1012
140
897
1914
2875
2663
1984
680
1079
2060
2329
2260
2658
2079
1350
1844
2069
2325
1760
367
54
1346
1419
826
1744
515
1049
2060
401
867
2820
2756
1131
2652
2701
312
541
1094
327
2952
1343
2512
1072
2870
1420
72
1248
2405
7
2029
267
2838
1999
2616
278
1264
2564
1408
392
820
145
2975
124
2824
636
942
2515
101
317
640
284
774
2786
2359
2943
2600
2269
1673
1392
1054
767
1487
640
2877
2455
2713
1353
1709
1956
1892
2289
379
2366
264
428
99
1841
1321
475
293
1637
2693
2772
2774
1192
934
1036
1789
1320
74
1347
1148
2169
940
2029
2375
1489
919
2268
2669
204
1655
1843
1995
597
292
2510
715
1966
2254
1395
1806
1845
1106
667
2281
1490
1818
2647
2786
765
200
2132
549
108
776
509
1283
87
1038
864
583
2358
1231
2710
823
36
1676
1257
1283
2511
390
3000
1986
529
2117
1251
110
46
627
1047
2199
2295
1619
2657
1678
966
1128
1870
756
1307
68
2260
2970
496
419
2981
293
2938
380
2662
218
2480
728
2178
236
560
1255
820
1016
209
1741
1458
354
2410
739
819
2190
1163
2517
354
1280
2440
1836
2036
679
1020
1644
726
1686
2882
1164
2593
1100
588
2587
1063
2202
345
1162
203
915
915
575
2760
2399
1279
299
166
2433
978
1991
1943
1555
1411
2213
1295
2260
10
1458
2561
2690
2995
1575
308
960
2071
604
431
725
1684
2820
286
555
2747
2295
313
2382
1115
142
2368
2985
75
918
711
2569
811
2317
2942
722
762
792
510
2964
664
2179
1652
926
864
2606
264
1689
62
1020
1958
1342
627
681
2440
1851
2679
1707
2428
325
2374
2831
759
2980
941
491
2571
2543
1266
98
1484
1228
274
2817
2096
1951
1359
824
2291
1032
845
2662
2584
94
1464
1528
2479
630
2942
447
1843
794
615
858
2976
2539
2293
2132
1546
1809
2343
535
1350
2630
2226
2061
2365
1799
1493
1737
81
595
497
437
1319
776
1235
1140
2572
1690
51
269
250
33
2912
220
487
1025
2605
1268
2127
884
225
674
918
2029
1295
2340
2592
2388
91
2775
1275
2241
452
2477
2900
2696
1446
1273
2456
1055
1192
2242
2842
120
2325
2709
1436
1333
1022
2770
2847
287
2794
2491
2605
2083
2139
2401
2888
928
366
859
1874
265
162
2771
2530
2579
2694
2587
1570
1951
1246
1250
608
2113
1951
1406
1860
2769
1372
2165
539
1240
1394
2327
202
1196
2206
569
517
134
901
2276
1230
1081
2801
1147
2117
1741
2488
447
2039
1209
2716
1948
1100
814
1395
2710
331
2985
123
1448
2890
488
2057
416
103
2981
1163
2549
1118
2502
1618
635
587
1734
241
2283
2597
1436
2600
1999
1423
1453
1505
2505
1417
2755
1767
2812
577
1068
2200
2425
1900
2358
1828
442
594
828
2719
88
957
4
2061
1276
1037
2435
2353
2714
2090
509
2739
1921
1650
389
1723
753
6
1701
978
483
2377
557
1781
391
128
1666
2767
2243
2262
1419
510
370
24
1727
2529
2740
941
2758
835
568
1801
1870
1702
1842
273
1127
2642
1306
2559
114
756
2829
1644
134
17
1343
1683
2984
2910
1332
461
95
602
2436
1997
864
2141
2065
328
1173
1904
1250
1616
446
1164
1989
2189
1001
1392
586
783
1973
2818
2801
588
2393
2757
2691
552
497
861
2679
1921
1115
689
1442
1396
121
2203
2791
2663
570
1970
954
1479
1523
2385
2068
1529
1049
277
77
2798
2215
1975
1188
1932
183
2793
1766
2934
1015
1370
53
2248
117
2449
1778
2896
2684
2580
51
2560
988
2097
1331
1028
2640
275
1251
2411
1207
308
996
1532
1513
1537
138
1438
2949
2083
341
1128
222
721
203
2187
989
2819
2485
1756
2576
2657
1277
2843
949
391
2837
399
337
2178
2238
1623
2365
1977
2213
728
1626
2712
247
1668
1886
476
2892
166
848
2557
62
808
501
999
2669
2592
527
380
2292
1590
57
1287
2173
1269
1457
949
434
2669
433
779
1663
1668
907
865
359
410
431
772
741
937
1697
2142
2112
285
1035
1112
1031
1221
2968
2571
419
2781
1970
2969
306
363
1382
1832
1804
1534
1702
1327
2185
2472
1782
471
2070
1687
2955
2294
2668
1241
884
266
276
1150
1846
1750
33
1469
488
2560
191
1977
573
739
2687
1309
342
2333
2760
448
1376
852
2733
1180
2658
2470
2804
2636
2586
428
1561
1680
2943
1583
577
258
1852
462
2499
2426
2798
2032
796
1195
1284
907
1565
289
2605
2839
1602
2455
442
589
1213
483
617
2597
380
2456
667
563
1167
1507
1540
2661
1640
2409
1276
174
2233
2086
4
1958
833
2576
1484
1730
1351
2405
900
2191
2152
25
1789
2429
242
1077
1523
765
1166
2622
854
2815
203
1889
1533
1528
36
2177
419
1066
1744
54
198
1376
2520
2016
2206
1635
973
1014
2289
475
2070
2927
2683
1231
1615
1879
609
908
2562
1662
1149
190
2827
873
750
2636
134
2729
919
677
1549
3
2635
917
1504
1426
828
1223
2901
672
1278
410
2725
238
1165
2385
400
1391
1593
1942
2916
477
2275
2564
1015
876
1724
365
233
793
2337
2168
785
81
505
230
2711
48
1452
2641
2912
2696
2349
2695
146
2031
1238
2290
2403
2950
1071
1827
234
2278
1739
2164
1323
1368
95
907
2395
1866
2782
45
2981
1652
2779
1267
1374
337
1962
590
2305
608
2631
499
2390
977
2299
1207
2918
2454
2755
1837
2374
958
927
2579
1064
1481
1856
2848
1429
862
2732
1834
2013
119
2100
2696
1109
89
1351
2655
233
2067
1990
390
2795
65
1838
2419
2569
1609
544
398
499
737
2816
2625
2897
1720
1911
1243
2222
652
140
1868
2596
2427
349
2061
1763
2199
196
2380
1832
1088
2708
1130
1248
1052
1341
819
2000
260
2797
250
19
812
2856
1429
1967
2989
1356
1243
828
1361
1888
2733
900
2815
863
527
1354
2696
858
912
2840
2428
55
1447
2648
2726
2184
2697
718
1135
1283
2718
1890
2128
1301
2196
1406
597
1562
1533
930
1782
1830
170
1354
1255
1449
1294
1207
1199
2926
2275
2485
1456
2288
732
2787
2017
2528
1007
1255
1495
2088
160
942
931
1613
1930
1090
860
2730
2263
1075
2250
1323
372
2715
2280
480
960
1689
2584
2066
1206
1674
2333
2993
2139
1926
2991
736
1374
1444
740
938
1289
150
2018
2430
951
1886
2869
295
268
1899
1350
2752
257
2454
2794
47
1586
861
1504
979
2779
2314
244
65
218
422
2519
1386
316
567
271
695
2418
1504
784
688
1014
2094
2874
1255
2161
1788
1735
1746
279
2267
2517
1082
2
205
1038
2020
546
323
247
2
2806
741
902
2251
418
1898
1241
2905
1401
500
982
2564
169
2186
528
1617
188
2665
2464
2198
2926
2182
1405
2960
2510
1984
1718
2710
2002
1432
1001
2505
539
389
2245
2929
2705
963
1118
1642
284
2888
1409
1365
2450
2064
262
1267
1604
317
2035
1476
740
368
544
1228
19
1308
1621
1744
1260
306
2251
1863
2855
99
1611
2056
1931
708
1479
1752
184
449
1003
1328
2449
297
210
2363
946
931
1281
768
2044
2215
2982
241
2110
970
1234
2962
2867
1130
320
633
353
2899
2755
2459
1945
2432
2469
522
1783
2360
2503
157
134
1977
1106
1120
2971
325
1942
2054
1561
236
186
2088
2840
1416
2293
570
1928
202
1439
2361
1229
925
1653
1801
522
2279
1014
1999
974
2847
134
274
2933
252
107
719
2486
2304
1318
239
869
2999
2569
2617
2363
1681
2738
883
376
1580
2942
2665
1123
27
290
958
1465
532
983
267
2697
1505
1649
717
366
566
2633
950
2433
447
112
2357
1867
1357
2653
1665
643
1603
1461
1800
1557
2678
2247
777
2732
1605
1184
1138
2533
1551
2451
912
187
347
2870
710
2001
2674
2588
11
235
2910
2574
2485
25
1355
2027
37
1459
1734
2018
358
1963
2687
1150
288
462
1148
445
1937
2778
1926
1973
832
1646
2803
2496
274
2976
345
2382
2444
2734
523
1938
2633
944
1732
2515
1917
1406
2716
179
807
86
1569
650
2936
2533
2831
2975
2713
595
2130
2320
1631
2461
916
69
2415
1098
817
2348
1665
2264
1340
1921
981
2159
1086
2459
1879
668
2400
127
772
797
2028
796
827
979
1749
2343
2498
1448
2039
2853
2855
2481
2273
2566
1973
1319
2733
1661
2293
2752
746
404
509
236
2630
1668
1287
800
2535
230
2591
2138
2873
2111
2367
2328
37
1927
616
2865
1733
1148
1739
122
1569
2029
2457
2492
1596
89
878
774
1003
2900
2323
665
516
2329
2108
1833
1853
2761
2796
673
514
2123
1697
298
1948
2135
444
1941
2405
392
700
2481
510
1925
78
2804
2262
1087
341
1105
1048
665
602
333
2289
112
1701
2258
532
2204
1488
1028
1114
467
743
209
2342
1465
821
627
2211
2653
747
1805
1827
990
2369
1919
2225
2895
2774
1357
167
1952
2852
1049
33
825
2429
1525
564
272
2974
1062
1025
1055
1412
2903
162
2603
2242
431
862
1807
1159
1134
1059
2389
515
726
162
319
405
2572
543
1230
2450
1123
1112
1815
2417
966
2278
377
107
2943
2636
1184
2762
1988
1055
167
2467
140
9
2954
2995
460
191
2008
1014
639
986
2550
2694
2113
1138
589
396
2616
902
1306
399
2822
819
2921
1291
2826
2870
1138
1940
2766
99
2163
1266
920
1165
1276
93
2793
825
2501
373
993
200
2796
1958
2016
1938
523
395
1196
235
87
1168
503
2337
936
138
1821
113
1686
2728
2156
2557
473
1734
2809
2481
2299
786
2485
229
1844
283
2516
1030
783
2362
592
113
1094
2401
2158
2198
2815
639
2357
129
2015
687
2107
1334
1942
535
1511
1103
527
416
2185
2170
567
1440
1207
766
591
1272
755
888
1291
1005
1722
2026
540
70
1787
780
717
2872
1059
339
2764
2799
2692
1229
408
2270
109
1381
2211
2346
2691
959
2928
1561
2221
1476
1047
1178
348
1037
296
64
1551
993
67
2494
1625
2656
2372
2292
273
1787
2701
1754
1510
2291
1645
2007
2379
437
780
641
1025
578
2955
338
2874
2345
2429
555
113
2526
538
1696
1452
1592
320
912
1591
1398
1104
1895
1885
698
1365
2069
2394
27
2631
2339
84
775
2461
1725
2676
1030
644
1075
1518
1093
1064
613
1747
2186
1927
614
2542
2513
2819
2991
1166
1774
2485
1295
450
2233
2949
2399
2973
2976
1123
80
2025
1640
2256
2552
1540
299
708
1975
2027
83
1291
1606
1474
1478
1734
276
1625
593
668
1097
178
2987
1670
1197
1989
1912
2653
1227
2270
837
224
74
2278
2962
2536
520
1744
2520
399
2239
1167
545
2628
726
2864
34
1112
2486
158
2941
211
1136
1622
611
1983
2846
1599
623
47
377
1086
828
2191
172
2757
325
2
2873
2531
877
176
924
2974
1785
2502
2776
217
2310
2750
828
601
2073
2461
383
1404
2955
2530
1524
1501
1164
87
1612
2380
2008
1404
1
2156
2207
2860
1385
2191
2101
2798
2624
866
1671
985
145
1059
2984
2091
1588
2399
2992
1359
2080
2569
19
225
1070
281
1136
2246
1422
2199
964
58
1000
2751
952
1379
1980
1949
98
2237
263
2746
70
1101
857
2158
1687
845
1227
1501
2231
1933
2291
2272
862
2406
741
1811
228
2988
1583
272
2808
1914
2041
229
2565
2191
473
2911
342
1108
795
110
977
812
1626
1321
25
710
480
29
850
89
21
1904
2755
242
2300
218
71
1273
2247
2306
237
1561
846
2251
438
2728
2371
1670
1914
2221
2499
2469
345
1547
1842
2497
2652
1869
808
802
2977
1942
788
2343
159
279
230
264
1494
1081
126
1714
1389
1357
177
2587
1089
806
65
812
1452
1246
992
907
1145
367
2308
1421
46
2260
411
2457
505
245
2892
2575
2767
1009
1575
45
1853
2314
611
178
1651
2708
1894
1714
2117
2998
510
1201
1043
1859
2262
2786
2155
2399
672
2200
106
2990
434
1501
486
2382
1009
1799
303
100
826
2632
1783
819
2427
1459
1142
282
2745
315
2669
888
255
2088
264
2816
2478
2695
1664
2159
2698
802
1947
2565
810
2818
2461
1201
2163
175
1752
1853
2967
2200
1020
2882
965
2252
89
90
65
694
1592
1068
2595
1491
475
1987
225
2475
2304
489
2693
2604
2997
577
1378
2788
1875
1923
1706
1094
628
2820
2440
1521
2993
583
1575
2541
2216
515
376
26
2035
2100
2910
2835
2575
552
916
18
1589
2801
1120
2585
2710
2477
105
415
515
1425
2891
1412
1416
797
2829
1296
2384
2696
2675
4
265
1287
84
1234
2428
1863
1892
1415
1400
232
2677
297
2244
916
2259
2868
1365
554
693
1234
1768
1590
1040
1918
450
2437
908
765
255
1800
2486
2334
2906
2035
325
232
1495
2084
734
398
1931
1016
1549
2392
194
537
2874
1423
1727
328
798
399
1397
119
2769
2467
616
761
204
258
686
1478
2549
2998
1666
2516
48
815
2429
1513
1491
773
184
200
1041
2791
334
2757
280
437
2327
8
2478
194
2419
348
1327
2132
43
680
1315
1706
399
1122
2236
1516
1011
1156
1093
201
2679
1360
618
1947
2966
1963
827
1352
458
1848
189
1299
1322
311
2413
1175
801
2586
1842
2108
2333
2881
794
988
1747
1074
1459
1442
1381
3
1892
2505
2990
1779
2090
1449
2324
233
2944
1740
2956
939
1552
1307
2736
1613
1182
2835
1234
1457
1076
1837
955
2158
2252
2675
1245
204
2922
156
491
2778
1063
1107
801
959
1814
687
6
445
770
903
2284
1933
598
2337
1305
1670
510
1519
1505
1812
2308
992
1529
436
1826
2405
630
1941
2512
104
1919
1819
693
469
2151
2362
2789
1475
11
549
1554
913
444
1589
1877
763
172
1505
2514
2052
997
2220
1290
2487
249
233
176
2129
1059
253
489
2190
1448
1579
1675
147
1571
2914
661
447
2978
2116
2091
1959
1684
2156
2348
297
2217
2253
677
773
1574
382
483
2391
1673
2479
1928
2071
1588
942
2729
938
1225
2340
1443
927
777
1195
2331
559
570
437
1625
7
658
2620
1023
2096
1742
859
1571
2029
2544
2776
149
1924
46
447
1610
266
1726
983
2987
979
1725
2890
1359
1568
928
1826
1502
2440
741
937
2724
2935
1920
1474
785
182
2606
2906
2584
313
826
257
421
356
1702
439
2063
2429
2447
2843
2754
1343
1003
438
261
2708
336
520
1986
894
2363
469
115
2385
2667
1428
1429
822
2817
1337
1322
410
468
889
2432
2858
511
2220
1617
98
2933
1697
450
1296
2840
2344
1262
1333
1601
2426
1723
921
114
1072
1056
68
2754
195
1103
2196
1723
2983
80
1807
2014
393
1986
621
1254
1544
2568
960
540
1449
1351
2223
607
1123
2297
2210
2898
1607
845
1419
2487
1136
1465
2655
1905
1753
1305
840
365
2360
1438
2090
516
1106
623
2255
2688
1216
516
1429
2080
2445
202
847
1642
466
1862
279
1615
191
2675
1135
1307
1594
1190
552
1745
2768
2122
651
275
929
2457
2606
1624
2317
2313
2306
2632
2703
426
2719
236
555
531
1105
2548
409
1360
2486
1373
2965
2759
1203
899
253
1112
665
2526
2121
1462
2900
423
579
853
1475
2488
1243
1417
2000
701
2955
1535
454
1780
1412
1474
428
2793
2655
2941
112
2098
2084
548
