5629
5096
5750
4426
3813
5795
3530
4177
4313
3484
5104
5265
3338
3253
3776
5848
4702
4742
5743
3649
5540
5882
3268
5457
3224
4707
3969
5209
5990
4090
4108
4825
5659
5600
3410
3965
3342
5394
4245
3685
3775
3485
5282
4178
3123
5135
5493
4952
4613
3591
3497
5074
5942
3159
4653
4935
3144
5726
3443
4886
3743
3912
3847
3264
3049
3019
4263
5622
4393
3085
5932
3818
5531
5274
4545
3612
4367
5410
4357
4543
3604
4515
3329
3694
3685
3353
4241
4988
5759
5668
4606
5186
3284
3326
3402
4871
4496
4662
5769
4000
3258
3086
3851
5263
5480
5120
5502
4650
3223
3797
4220
4913
4927
3475
3283
3276
4945
4128
4700
4736
5062
5627
4998
4165
4305
5497
5980
3361
3842
3576
4934
4715
4950
5668
3167
3140
5148
3605
5092
3583
5473
5457
3266
5152
4972
5815
4889
5161
5952
4255
3676
4683
3497
5216
3388
4796
3489
5997
3600
4439
5502
5294
5059
4940
5526
3911
3434
4090
4543
3215
4297
4531
4458
3802
5805
4439
3642
4841
3435
3906
4754
5805
3739
3809
5056
4950
4001
5294
4614
5390
3735
4579
4812
5268
5783
5046
4430
3967
3541
4398
4392
4814
5449
4101
4139
3203
4420
4489
3773
4054
3968
4316
3654
4365
3110
4458
3374
5375
3411
3616
5719
5411
5345
5582
5939
4527
5503
5829
5331
4692
5966
4966
3778
4344
5156
3163
3810
5499
3840
5033
5461
5258
3604
3065
5937
3991
4959
5371
5108
3234
4526
4693
4738
4435
4375
4223
5012
4644
3621
4669
4117
4043
3829
3212
5927
3819
5269
5300
4929
4053
4699
3314
5084
4195
4810
3130
3945
5090
5958
3562
3575
3226
5754
5058
5356
3473
4477
3788
4665
3540
5795
4253
3975
5454
4134
5295
4707
4224
4545
3814
4476
5521
5639
5878
3584
5430
3151
5242
3925
4995
5024
5845
4453
5377
3249
4660
4023
3576
4775
3581
3347
5101
5097
4235
3193
4299
4657
4981
3449
5386
3171
3918
5500
3775
3552
3765
3916
4429
3746
3110
5243
3412
4003
3862
3590
5790
4505
3019
3859
4364
4174
3589
5688
3893
3854
3311
3324
4894
3918
4559
3555
3251
4262
5570
3847
5972
3007
4315
5069
5923
4817
5878
3330
3904
4947
4375
4159
4743
3980
3414
5961
3958
4086
5997
5642
3195
4568
5460
3800
4561
5122
3887
5857
5113
4009
3346
5371
3939
3580
3086
3806
4603
5756
5846
4864
4093
4189
4865
5157
5082
3515
5003
5556
5837
4194
4665
5598
5050
5370
3326
5032
5968
3285
4881
3485
3447
5742
4057
4224
5696
5533
4515
3064
3847
3468
3944
4167
4609
3436
4738
4494
3458
5544
3980
3101
4953
4055
5405
5081
4361
5496
3479
4195
5886
5914
3563
5766
3520
5218
4929
4320
5019
5681
3522
3309
3709
4736
4145
5275
4741
5806
5243
3131
4768
5350
5857
3958
3834
4454
4110
5438
5871
4693
4923
5173
5136
3190
4771
5953
3452
5364
3768
5111
3655
5475
4967
4141
3218
4528
5462
5649
5354
4648
3496
5976
4395
5603
5835
4289
5182
4836
4388
3704
4444
5485
5531
3010
3975
5049
5250
4931
4353
4460
3665
4708
3087
4802
4680
4051
4213
3612
3338
5842
5767
3138
3139
5843
5647
3616
4706
5939
3583
4370
5605
5653
3752
5507
3841
4097
5724
4332
4711
3366
4445
3931
4101
5576
3933
4512
5036
5229
3523
3116
4178
5639
3904
5968
4823
5079
5048
4412
5603
5105
4984
4447
5652
4176
3219
3704
5221
4487
3986
3463
3918
4643
3896
5052
4884
4502
3305
5515
3786
4187
3108
3192
3780
5177
3617
4125
4697
4423
5692
5596
3961
4858
3441
4927
5777
4788
4893
5562
4291
4197
5386
3990
3580
3967
3323
5660
4007
4715
3981
3919
4420
3124
3202
5661
4472
3298
3992
3268
4037
5128
5055
5833
4924
4792
5877
5329
3398
4074
5527
5207
4130
4370
5758
4203
3340
5172
5850
4446
3600
5681
5962
4900
4210
5333
5033
5622
5810
5869
5561
5119
3875
3820
3442
4626
3254
3480
4856
4928
4567
4745
5849
5001
5492
3970
5196
5789
3902
5125
3921
5647
5699
3785
5248
5662
4836
4435
3766
5398
3865
3540
3982
3036
4345
3503
5844
3756
3819
5143
3145
5565
4530
5762
5920
4877
3275
3102
4422
5420
5523
3641
4550
4122
5623
3363
3672
4797
4819
5646
5721
5544
4288
3448
3763
5393
4854
4597
5355
4065
5359
5918
4941
4982
4301
3092
5507
4113
5579
3906
4399
3462
5686
3058
4801
4589
4254
5799
5315
5069
3439
5164
4023
5492
3508
5854
4163
4878
5801
3120
4678
4432
3378
4583
3557
5458
3046
4617
4641
5764
5276
5737
5445
5692
3004
4791
4064
5836
3947
4651
3119
4762
4740
4927
5343
4705
4510
3513
3854
4250
3973
5737
6000
3971
5943
5861
5908
4364
3418
4420
3651
5270
4526
3565
4489
4931
4719
5025
4516
5371
3117
3545
5834
5880
5687
4472
3604
4764
5231
3558
4290
3821
3742
4157
3168
4112
5134
3272
3676
5905
4322
4684
5474
5759
4652
3754
4771
3026
3872
4391
4837
5284
4558
5954
3424
5446
4105
4114
5775
4775
5107
5720
5076
3361
4582
5340
3977
5511
4660
4838
5288
4144
4729
3601
3589
3001
4255
4444
3044
5226
4911
5269
4282
3043
5218
3052
3269
4846
4362
4381
3043
4808
3424
4288
5480
3340
5733
5709
3267
5603
5948
3337
5898
5821
3240
5316
4807
5722
4802
5437
4412
3607
3639
5124
3461
5431
5672
5982
3527
4971
5280
4196
3793
4148
3579
3008
3422
4708
5840
3981
3189
3994
5169
3637
4055
5199
4538
5739
4608
3700
3882
3824
4399
4017
4991
4077
4480
3282
3677
3576
4166
3336
3002
4500
4046
4925
4845
4967
4940
4993
3844
3347
3448
3571
4739
3805
5645
5268
5441
3171
5947
3209
5233
4895
5196
4915
3925
5639
5007
5836
5477
5523
5697
3450
3291
4259
5180
3585
3551
3473
5112
3825
3723
3901
5043
4311
4790
4023
4354
3379
5168
3408
3623
5912
3309
5607
4639
4197
4175
5851
3531
5641
3707
4800
5487
3763
4524
3026
3493
5821
4586
5053
5855
4038
4848
4853
5643
4728
5979
4633
5115
3524
3932
4387
4216
3192
4148
3999
5469
3511
4212
4237
3689
5011
4574
4320
3398
4077
4759
3666
3948
3307
5569
5810
4547
4928
3401
4379
3754
4806
4966
5991
3001
3300
3810
3150
4683
4836
4317
5003
5835
5279
4355
3104
3273
5491
3369
4172
5549
4614
5372
4136
3008
4727
3804
4303
4708
3212
4226
4302
5633
4520
5413
5889
4079
4004
4556
4023
5951
4795
4978
4636
3935
3931
3734
4802
4785
5443
3710
3757
4848
3444
4637
3446
3865
3657
5066
3233
3840
3889
3593
3741
3068
4699
5353
3734
5887
4744
4002
5759
4134
5059
4624
5444
4187
5042
5160
4688
5409
3837
4552
5704
3863
4558
5526
5795
3609
3490
5601
4571
4512
5147
3253
5475
4995
3951
4135
5156
3253
4733
4108
4592
5643
4735
5004
3855
4700
5921
3823
5993
4324
4903
4403
4144
5131
3037
5519
4951
4585
5425
3342
4724
4211
3415
5591
4540
4273
3233
3579
5997
4300
3502
4915
4646
3624
4729
5398
4128
4317
3177
3367
4963
4115
4232
4046
3028
5149
3318
4304
3103
3688
3310
5698
5810
4052
3954
3185
4978
4431
5216
5261
3598
5378
5694
4415
5039
3858
4880
3936
3659
4284
4982
5808
4120
5822
4376
3948
3133
4789
5598
3682
5222
3554
4858
4321
5102
4819
4352
4351
5968
5269
5231
5790
5653
5872
4906
4705
5929
5595
5991
3302
4809
5407
5975
4162
3053
5174
3076
5720
4205
3280
3444
3480
4147
3845
3587
4790
3510
4701
4821
4636
3444
4294
3572
4491
3983
4307
3607
3766
5902
3079
3120
3593
4191
3641
5698
3474
4310
5074
5842
4909
5656
3537
4990
3071
5081
3070
4693
5859
3554
3339
5980
4661
3174
5447
4150
5726
3102
5697
3559
3403
4136
3799
3816
5186
3547
3530
5838
3791
4904
5024
4913
4746
3940
4126
3839
4336
5455
5021
4831
3449
4094
3538
4141
3219
4332
4597
4003
4455
3471
3232
3048
3934
4876
4004
4913
3705
3829
3265
4916
4646
3301
5630
4748
5277
3160
5365
4853
5841
5893
3075
4445
4287
4951
5916
3372
3828
3480
5446
3426
3344
3343
4108
4755
4813
4874
3352
5979
3524
5703
3045
4480
3680
4945
3571
5355
5352
4259
3888
5188
4763
5447
5266
3226
5204
5524
5907
5803
3040
5353
3423
5837
3083
5766
3165
4539
4799
5040
4727
4268
5659
5619
4676
4306
5657
5999
3401
3238
5654
4638
4298
4600
3496
3269
5874
3112
5462
3998
4392
5344
3475
4862
4711
5887
4217
5116
3836
4474
5372
4066
3073
3497
4881
3124
3204
3441
4232
5731
5888
3378
3847
4576
4177
4429
3595
3550
5092
4759
5591
3505
3782
4439
4241
4156
4578
4671
5650
3837
5918
4439
4577
3074
3598
3705
4876
3183
4010
4527
3218
3401
4871
4873
5735
4695
3569
4817
3562
4053
3185
3385
4261
3305
3715
3684
3020
4376
4842
4964
3210
5282
5014
5886
4796
5266
3162
5803
4699
3297
4192
5158
3299
5182
4327
5439
3304
4974
5797
3421
4038
3031
5468
5416
3935
5240
5860
3695
4679
4116
4582
3951
3293
3913
3978
4146
5717
4094
5379
4469
5171
4556
4405
3882
3436
4068
5446
4760
5043
3695
5802
3525
4119
5845
5939
5649
3087
3713
3635
5154
3893
3730
4990
4040
3023
5060
5023
5236
3246
4003
3158
5780
4948
3886
5764
3979
3853
4750
4297
5688
4446
4462
5434
4636
3255
4547
5762
4961
3444
4688
4923
3906
4607
3252
5402
3703
5156
5027
3012
4217
4100
5367
3168
5087
3659
5008
4895
5931
4677
4842
5177
5670
4003
4931
5475
5565
5447
3694
5482
5305
4714
3474
4194
4523
5359
3540
5950
3486
5120
5248
5219
5149
4051
4644
3867
4918
5735
4566
4755
4605
4370
3046
3779
4467
5526
4311
3499
4143
4075
5584
5164
5135
3720
5029
3675
4958
3727
3187
4290
4408
4722
5432
4248
3690
5904
4616
3523
4126
5960
4276
4863
3754
4237
5348
3581
4388
4061
3026
5721
5264
3901
3770
3471
3098
4469
5612
5695
5901
5754
3436
4614
3108
3129
3973
4850
5047
4296
4334
4276
4886
3971
3468
3779
5634
4711
3170
4800
3938
5947
3045
3821
5749
4364
3555
3340
5176
3070
3721
4173
4748
4407
5885
3926
4523
4876
5889
5256
5104
5538
3733
5818
5053
4822
3585
5553
5435
3907
3302
4384
4385
4185
4797
5830
5210
4333
5473
5238
3029
5667
4673
4217
4435
3496
3844
3241
4440
5474
4125
3000
4668
3153
5031
3473
3644
3045
4856
5241
4369
4328
3376
3102
5160
3853
3199
3602
4108
4888
5309
3016
4985
4245
3511
4361
3186
3735
4573
4938
5955
3164
3906
4245
5400
3223
4993
5724
3900
3174
4574
5168
5929
5387
4659
4484
4181
4133
4779
4713
3307
5708
5612
5256
5548
4160
3557
5069
3332
3630
5647
4219
5033
4931
3286
4266
3178
3565
4789
4031
4780
4631
5113
4160
3002
5130
4030
3579
3542
4944
4159
3393
3141
3805
5844
4686
4913
4932
4573
4343
4160
4808
3233
5971
4862
3375
5779
3264
5232
4069
4787
3414
5562
4636
5962
3170
4959
5528
3832
4686
5452
3301
3779
3481
3733
5119
3991
4076
3797
5557
3852
4203
4981
3946
5923
5970
5449
5673
5348
3393
5755
4508
3542
5270
4853
4098
3055
3041
5425
4294
5983
5028
5389
5194
4935
4120
3888
5022
4464
5731
5072
4029
3150
4090
4570
3894
3753
3115
5273
5323
4886
4140
3897
3393
4997
5229
4379
4054
5844
3456
3637
4228
4101
3777
4602
4962
5213
4353
5663
3236
3476
4595
5105
5469
5895
4606
5074
5834
3932
3462
3429
4647
3551
4747
5179
4544
3008
3107
3411
4155
4073
5717
4319
5701
5395
4620
3951
5064
4947
5233
3423
3013
5808
3172
4473
3783
4122
4524
5608
3239
4508
4830
4899
5023
5305
4171
3408
5624
4596
4549
5915
5422
3585
3398
5057
5924
3674
4221
4286
4960
3608
5068
4950
5753
3524
3055
5761
4093
5359
3326
4760
5829
5867
4447
4637
5082
5663
3364
5097
3843
5558
3622
3798
3761
3286
4946
4709
3939
3644
4249
4971
3538
4360
5956
3079
4183
3167
3203
5077
5195
5656
4483
4109
3483
5573
5312
5200
4743
4241
5270
4343
5882
3689
4850
4330
3870
5683
5724
3762
5496
5422
4980
3804
5051
4730
5509
3000
3324
3175
5014
5900
3174
3201
3211
3394
3769
4145
4473
4754
3205
5369
3067
5009
4832
3899
4850
3331
3151
3716
4072
3936
4073
4733
5526
4421
3611
3497
3523
3147
3806
3469
5341
5093
3220
3736
3574
5838
5063
5806
4374
4073
5303
3008
5888
4665
4072
5222
4247
3318
5212
4155
4479
4805
4459
3647
4469
5938
3383
4290
3559
4687
4378
4591
5288
3100
4092
5164
5671
5376
5920
4391
4309
4207
4311
4246
5473
4938
3409
5470
4117
3107
3671
4023
5658
4325
5189
5478
5510
3482
4797
5373
4660
5312
3294
5949
3974
4803
4857
5073
5406
5236
3987
5020
5780
5834
4428
3311
5322
4747
3444
5008
3919
5921
4244
3135
5301
4360
4333
4019
3980
5464
5456
5949
5344
3766
3814
5848
5840
5173
4454
4994
4499
3181
3844
4083
5712
3265
5174
5992
5237
5806
4931
3553
4061
5910
5030
5689
4556
3834
3746
5651
4036
5424
4330
3467
3405
4008
3167
4956
5508
5134
5071
5460
3621
4193
3007
3821
3112
5738
4369
5623
5870
5631
3980
5147
4693
5784
5574
3804
3166
5085
4274
3585
4991
3965
5821
3642
4314
4608
5552
5794
3158
4015
4551
3971
4375
5886
3213
4776
4034
4304
4229
4322
5789
3213
4199
3452
5023
4453
5536
4239
5837
3796
4778
5068
5641
3879
4157
4613
5367
5021
5824
4963
5121
5438
4134
4815
5814
5929
5979
3848
5709
3462
5948
5715
4641
3512
5332
3975
4191
3093
3466
5341
3882
3410
5376
5428
4233
5672
4222
3853
5454
3113
4970
3592
3044
5797
4594
5256
3071
5627
3937
4539
4473
5740
3864
4497
4382
3271
3203
5036
3352
4797
3543
5982
5629
4147
3532
5439
3730
3847
3336
3790
3347
4211
4608
4440
4300
3054
3114
5466
4989
5893
5145
4603
4413
3068
3927
4738
4727
3124
3211
4999
4785
5717
3193
5346
5476
4886
3492
4803
5087
4507
4437
5562
4224
3756
5160
3635
3477
5955
5328
4251
3032
4443
5240
3334
3083
5667
4615
5029
3257
3492
5672
3060
5654
4193
4582
4148
3454
3230
3097
5971
5061
5666
4725
4009
5177
3681
3684
3993
4972
5935
4601
3853
4469
3686
3089
5344
5603
5970
5890
4200
3697
5858
5904
3941
3412
5721
3278
5588
4247
5061
4855
3426
4414
4357
5289
3724
4141
5633
4727
4184
5423
3056
4683
4059
4141
3289
4621
3732
3155
5672
5039
4624
5455
5755
3483
5840
5476
5698
3240
4036
4837
3546
4763
4574
4401
4021
4391
3963
4351
4834
3646
3546
4333
5311
4288
5218
5337
4851
3087
3808
3899
5195
4592
3587
4100
3473
5295
4785
3639
5829
5730
5614
3331
5108
5733
4382
5128
3042
4005
5781
4142
5458
4484
4074
3513
5606
3509
5289
5314
4434
3223
3206
4341
3835
3300
5944
4083
5357
3117
3464
3614
4300
4456
5342
3682
3768
4866
4731
4105
4637
3967
5074
3826
3433
5804
4844
3795
5521
5139
5560
4125
5598
3254
3769
3053
4840
5594
3916
3336
5351
4130
5588
5380
5049
3154
4727
4141
3689
4479
3780
4613
5394
5716
4334
4925
4852
5417
3702
5680
4070
3295
5779
4177
3778
5678
4872
3113
5959
4094
3850
5010
3331
4605
4039
3677
3176
3321
3068
3195
4236
4979
3197
5758
5585
3085
4307
5420
3155
3106
4373
4362
5719
4895
3701
4357
5289
3195
5506
3823
5866
5743
4969
4739
4574
3003
3259
5117
3950
4748
4144
3663
3197
5767
3489
5308
5187
4707
5612
5437
5154
3038
5650
4767
5730
4317
5836
4011
5931
3660
4581
5487
4658
4867
5155
5280
4433
5950
3628
3743
3285
4379
4873
3008
3031
3869
4654
3118
4254
3435
3287
5478
3552
4867
4896
4358
5066
3478
3106
4999
3591
3815
4749
4804
5253
3611
3670
4890
5471
5717
5131
4005
4257
5299
3432
4830
3257
4460
5785
3179
3022
3913
3801
5346
5712
5050
4656
5534
4893
3655
5221
4062
3311
3638
3360
5328
5050
3784
3860
4114
5078
3827
5903
4279
4334
3216
3465
4562
5933
5229
4497
4186
4690
4732
4278
4071
4738
6000
4324
3767
4482
4377
4358
3667
3887
3981
4399
4319
4602
3514
4274
5428
4735
4933
4230
3613
3841
5166
3030
3872
4971
5951
5550
5094
4362
4367
3849
4546
4054
3413
4517
3973
5370
4975
5782
4278
5490
3952
4646
4145
3686
5968
3186
3618
4065
4501
4323
3527
4336
3155
3325
3965
3878
5328
5374
4293
5297
3451
3408
3840
3028
4249
3362
4569
5390
4853
4839
4095
5752
4687
5032
3322
3420
4607
4186
5257
3586
4524
3693
3070
5925
3009
4130
4734
3808
4038
4480
4520
4292
4563
5955
4150
3814
3525
3320
4469
5245
4033
3263
4621
4317
5867
5454
4748
4001
4952
3112
4534
4142
4639
5762
3599
5462
3434
4628
3225
5433
4090
4564
5956
5959
4663
4249
3021
3831
3545
5655
5217
4271
4748
5202
3678
4575
4107
3900
5928
4128
4849
3179
5474
4806
4808
3276
4150
5171
5145
5700
5774
3674
5846
5117
4981
4627
5775
3084
3471
3873
3061
5751
3775
3389
4830
3031
4851
4215
5274
3998
5834
5752
4697
5443
4990
5296
3112
3873
5953
3394
3975
5800
3650
4879
3576
3929
5160
4250
5930
5979
5011
5081
3911
4169
3000
3880
4014
4855
5434
4616
3838
5371
3801
3272
5682
5116
5008
5919
5892
5052
5189
4184
3324
3308
3262
4232
4842
4326
5233
4161
3855
5873
5219
5445
5534
5609
5877
4827
3129
3990
4520
5205
4351
4894
3803
5791
4308
3767
3689
4429
3934
5416
3241
4548
5374
4447
3599
3130
3245
5886
4039
3946
5457
5243
4291
3869
4557
5642
5499
5984
4943
3432
5470
5182
5711
4947
5089
5192
3137
3248
3638
4948
4510
3437
5551
5359
5380
4666
3261
3599
4457
3602
4615
3582
5112
3542
5788
3663
3005
4708
4607
3474
5657
3724
3464
3418
4879
4239
3716
4618
5914
5737
4832
5261
5152
3395
4864
5112
5938
4058
4765
3007
5826
3473
4461
5682
3937
3222
5173
3857
3286
5520
5735
5357
5821
4227
4948
3243
5498
5413
4936
5939
3381
4618
3503
3519
5578
3834
5250
4597
5168
3210
3822
5153
4464
3449
4821
5853
4420
4254
3435
3451
3926
5997
3643
4701
5329
4590
3597
4828
5944
3268
4184
4480
4391
5420
5159
3893
5007
3301
3288
3608
5629
5224
4073
3606
5245
3379
5855
3863
4157
4235
5289
5775
4393
4805
3904
3207
4884
4693
3868
4602
4089
5597
5922
4282
4438
3655
4601
3767
5430
5258
5105
4043
4802
4764
3813
5495
5043
5710
4723
3973
3959
5436
4906
5831
5340
5899
4128
4882
5616
3642
4392
5224
5929
3736
3895
4859
3907
4022
5048
4769
4233
3243
5546
4383
4512
5974
5227
5938
3347
3889
4961
5610
4402
3356
3041
4744
3362
5210
3189
5820
4922
4536
3634
5726
3337
5274
3712
5517
3523
4196
3094
3590
5464
4321
3581
3996
3860
4869
4055
4431
3527
3063
5623
4429
3509
4441
3386
4714
3643
4830
5935
4415
3547
3317
5184
4312
4361
3946
5423
3795
4910
5099
4968
4241
4329
4175
3891
4620
5399
5959
4624
5441
5264
4503
5693
5016
5410
3212
4932
5410
5834
3147
3810
3448
4158
3737
3766
5242
4109
4307
5577
5553
4456
4122
4045
3530
3562
3071
5659
5894
3776
5307
4537
5411
3098
4200
3815
3630
3669
4570
5546
4968
5466
4501
5603
5054
4240
4961
5689
5201
5041
4742
4389
5207
3966
4912
4253
4633
3565
3822
5357
3183
3064
5654
5308
4403
3587
3552
3127
4920
4349
3501
4086
4668
3185
4655
5694
3617
3463
3597
4818
5652
5973
4755
4891
3595
3373
5367
5249
4119
5474
4404
3593
4312
3290
5117
3283
4519
3946
3894
4095
4434
4940
4283
3964
5279
4648
4706
5366
4401
5139
4994
3751
4880
4465
4444
4971
3953
3078
5889
5532
3348
5197
3385
3583
4227
3548
4403
3311
5932
5497
4668
5396
4587
4623
5795
5252
4427
4832
4643
5525
5314
4820
4403
4705
5158
3787
3107
5645
4597
5095
5813
5724
3338
5858
5041
3645
3136
3074
3285
5290
3329
4610
4204
3925
4642
4489
5355
4861
4825
3739
4313
4928
3256
3804
5960
3535
5653
3931
4271
5643
4371
4390
4003
3156
4015
5313
5159
3647
3693
3452
3825
3292
4373
5791
4326
5600
5271
3370
5159
4019
4086
5273
3097
4949
5260
5924
3377
4241
3365
4520
5860
3434
5756
3415
5826
5247
4781
3658
3305
3225
5840
5945
4453
4787
3551
4610
4822
3241
4293
5932
3768
4964
4470
4383
4577
3745
5620
4649
4900
4543
4995
5670
5208
5379
5294
3415
4865
5121
5766
4567
5958
4839
4357
4743
5362
5343
3813
3280
5806
4801
3171
3142
3688
3963
3523
4202
5320
4438
4554
3783
5134
3315
4534
4839
4313
3300
5038
5960
4691
4711
3508
5310
5282
3140
5720
4737
4054
3117
4905
3788
5830
4338
3336
4049
4054
5303
5301
4291
5399
5014
5863
5241
3154
3205
5564
5788
4721
3352
4326
3097
5179
4686
3828
3220
3459
4993
4262
4691
4032
5412
4549
4316
3821
5349
3106
4886
3545
4256
3098
5080
4269
3575
4474
4351
4709
3448
4762
3839
3126
4548
5745
4700
3997
3183
4335
4805
3720
3585
3834
3001
4263
3601
3849
5258
3394
4874
4957
3318
3003
5389
5956
4080
4695
3528
5151
5410
3652
4893
3521
4452
5741
5016
5795
3454
5530
5775
3818
5504
4084
5042
3411
4990
3363
5204
4808
3642
3439
5370
5258
3076
5080
4530
5683
3601
5696
3393
3843
3739
3396
5950
3597
3401
5368
3253
4259
5569
4457
5475
3645
5043
3035
4054
4726
3906
3963
4417
3519
5405
4467
5874
5029
3347
4808
3784
4225
4300
4714
4686
3098
5755
3355
5026
3371
4449
4455
4270
4570
4965
4505
4381
5629
5056
3299
3316
3264
4627
3534
5575
3203
4949
4875
3319
3521
5542
4561
4804
3262
4028
4763
5561
3467
3118
4295
3880
5514
4266
3933
3778
4163
4601
3435
5774
3517
5396
5745
3070
5191
3805
4345
5305
5830
5194
3668
4044
4343
3869
5327
3657
3873
4264
4930
3220
4366
5406
5152
3849
3280
3894
4228
3554
5209
5484
4700
5407
3764
4476
3912
5886
4252
4551
4501
3952
4819
4180
3601
3869
4783
3344
4815
5460
4045
4071
5067
3039
4031
3072
4721
5166
5325
4503
5089
4899
3913
4786
4227
5742
5790
3877
3889
3862
5135
3489
5980
5543
4244
4976
4978
4300
5784
3276
4273
5509
4022
5729
3701
4877
4487
3117
4500
4288
5412
5967
5574
5869
4614
4174
4084
4617
3478
5486
5374
3093
5023
4851
3278
4909
4302
5469
4947
3505
5785
4905
4397
4460
5650
5036
3518
4604
4590
5718
5027
3763
3130
5675
4436
3706
3681
3534
5401
3638
4200
3735
4781
3493
3209
3538
3364
5941
3439
4919
3530
4975
4881
3910
4141
5592
3818
4895
5648
5152
4185
3740
3488
4528
5871
3073
3839
5461
5134
3453
4291
3567
3813
4716
5823
5591
5599
3979
3310
3645
3877
4512
3347
3779
3687
4792
5471
4626
5816
5091
3743
5626
4320
3412
3046
5781
4820
3704
3482
5511
4759
5087
4266
5262
5588
5450
4542
5783
4159
5333
5519
3011
3033
3180
5511
3373
3482
3456
5442
3400
4123
3469
4791
5247
3926
4587
5599
5694
3658
5790
4669
3673
3454
4142
3861
5189
3754
5036
3523
5694
4208
3484
5578
4855
4720
4016
4659
5461
5426
5443
4622
4976
5488
5153
5985
3587
3199
3138
4266
3916
5349
5390
3829
4340
3198
4975
5692
5759
3302
3106
4530
5141
4735
4670
4543
5138
4742
5021
4003
3838
5196
5680
5642
5859
5109
5187
4421
4283
4941
5142
5147
5024
4147
3137
3428
5528
4627
3965
5267
4443
5668
5820
5012
4480
3398
4490
3610
4673
3898
4229
3601
5023
4969
3987
3126
3702
3291
3134
3409
3636
3209
5083
5048
3729
4057
5121
4924
5319
3822
5528
3760
4801
5084
4550
5050
5489
4914
5576
3717
4381
5041
4283
5625
5874
3567
5051
4212
3217
5906
5027
4860
4565
5206
5968
3143
5791
5028
4892
4925
5360
4501
5598
3385
3864
4801
3967
4476
3070
3076
4797
5640
4764
3956
5706
5619
3367
4814
4189
5173
5459
5376
4664
5688
3652
4246
4066
3545
3509
4246
4549
6000
3527
5326
5941
4119
5294
4676
3902
5800
4496
4438
3993
4909
5324
4477
3411
5554
4473
3908
3395
5863
5022
5227
4483
4629
3768
3735
4347
3579
5274
4166
4266
5698
3033
4363
3538
3580
3339
5647
5303
3652
5082
4197
5995
4528
4169
4375
5943
4331
3947
3511
4711
3277
5742
4003
4793
3031
5622
4867
4148
5715
5582
5533
3678
5944
3363
4270
3625
5063
5149
5731
4086
5985
3870
4635
4754
4646
4900
4467
3230
5869
3938
3656
4598
3157
5655
5181
4859
3978
3579
3820
3134
4084
3410
3774
3606
4721
3652
5670
3235
4566
3642
5361
3659
3058
3720
4346
4074
4119
4541
4536
4235
3673
5904
5815
3764
3181
3090
4435
3691
5514
3106
4053
3023
4661
5107
4653
4943
3813
3454
3136
5990
3514
4813
5703
5785
4077
5204
4853
4812
5186
5334
4641
4478
5543
3384
4708
5524
3451
5818
5214
3521
3647
4159
4174
4358
4891
3275
5359
5896
3148
3104
3523
3118
5837
4978
4743
4457
4410
3458
3722
4745
4445
4531
3507
4676
4690
3782
3321
3548
5594
5113
4313
5026
5457
5133
4886
3950
4338
4968
3026
5185
3949
3515
5203
5352
3462
4294
3223
4173
3968
5218
4116
5790
3955
5638
4335
4525
3473
5058
4737
3065
3807
4822
3074
3462
4553
3798
5012
3896
4902
3392
4904
5251
3662
4291
3595
4943
4650
3046
4788
5284
3213
4455
3995
4310
4193
5170
4903
3929
3534
5720
4034
5285
3738
3624
4767
5127
4275
5190
3263
3372
3064
3771
5441
5422
4375
4254
3694
4373
5457
4754
3316
3238
3282
5137
4343
5645
4928
4618
5807
5272
4844
5958
4251
3688
4185
3300
3022
3594
4960
3331
5014
5220
4673
5634
4278
4579
3174
5957
4369
5434
4815
4119
5267
5949
5717
5435
3431
3863
5830
3814
4643
3812
4466
5703
3818
4090
4128
5228
3970
5735
3227
4179
4456
3323
4678
4680
5973
3623
4943
4917
5537
4472
5893
3992
5936
4278
5117
3004
5755
5377
3119
3715
4947
5293
5576
5512
5843
5130
3092
4296
4315
4832
4105
4947
5103
3272
3510
3132
3379
4136
5299
5315
3646
3202
5500
5500
3898
5267
5650
3289
5968
5991
4204
5344
4904
4902
5685
3980
5690
4178
4215
4473
5789
5415
3144
4589
3255
5057
3708
4433
4841
5584
3239
5983
5626
5799
5555
3730
3832
3428
4082
4147
5119
3855
4976
3046
5270
4741
4941
5009
5401
4313
5469
4897
3678
3566
5516
4474
3292
5942
5826
4206
4800
4047
5846
4136
4882
3619
3861
5159
5920
5812
3464
5763
4174
5533
5998
5627
5930
5212
5615
3340
3790
5069
5692
4289
4480
5315
5445
3909
5013
5084
3271
5486
3582
5601
5656
4944
4178
4303
5812
3874
5278
5496
4588
5446
3212
3348
3867
3799
3213
4005
5956
3668
4313
3543
3232
5319
3923
5907
5887
4002
3897
5257
4111
3649
4212
5847
5250
5309
4152
3844
5120
4594
4916
4490
5416
4280
3415
3865
5181
5869
3894
5769
4399
3813
3359
5540
5649
4242
3140
4719
5703
5220
3701
4368
4230
4393
5193
4990
5594
3674
5623
3111
4921
4265
5764
5173
3547
5629
3874
3494
4423
5414
5696
3409
5648
5013
5969
4619
3219
3310
3297
5632
4277
4861
3225
5106
5153
5794
4522
5199
5551
4215
4177
4873
3683
3981
5436
3413
3603
4357
3466
3939
5212
3038
3882
3849
4171
3943
4745
3362
3839
5733
3615
4648
5543
4986
4495
4709
5789
5521
5859
4687
5274
3515
4973
5675
3545
4777
3611
3872
4515
3298
4960
4290
4687
4681
3628
3912
5655
5674
4018
4817
4732
4218
3156
4924
4423
4390
5372
3941
4418
3873
4623
5397
5530
4418
4734
3919
4518
5362
3478
5280
5887
4435
5099
4966
4700
4045
4600
5524
5441
5697
5040
4758
3375
3635
5316
4951
4064
5996
5915
4887
3518
3919
4520
3456
4115
3574
5997
5716
5648
5429
5590
3445
5831
4207
3600
3272
4525
5381
3045
3130
3456
4774
3656
5147
4861
5466
4808
3917
3129
4478
4770
3940
5903
3938
4251
3795
5770
3817
3980
5187
5351
5965
3113
3511
4475
4664
4830
4296
3044
3914
3868
5809
4084
3321
3167
5385
5987
5293
5505
5446
4549
5363
5535
4407
3230
4648
3818
5312
4638
3095
4467
3748
4644
3422
3483
4657
4404
5331
4565
5366
5681
4064
3653
5475
3132
3162
3376
4477
4553
3480
3665
3593
3530
3841
3575
3479
3273
3612
5463
5869
3770
4711
3013
4340
3777
3712
4424
3736
3707
5935
5864
4476
4630
3185
3769
4432
4245
5532
4678
5214
4067
3389
5730
5711
3744
3957
4375
5726
5442
3919
5289
4790
3631
3737
3712
3630
5811
4352
4485
3938
4255
3617
3746
4909
4780
5191
5490
3441
4433
5710
5478
5214
4780
3288
3207
4695
3053
3845
5615
5189
5125
3024
3077
5272
3497
4517
4317
4315
3987
5584
4463
4242
5103
3262
5080
5743
5499
5712
3145
3839
5945
5620
5215
5687
4473
4352
3280
3671
3849
4580
4094
5627
3695
4117
3778
3641
3299
5992
4456
3082
4098
5841
3375
5885
3682
4749
5227
5363
3517
3346
3805
4659
5621
5793
5174
4156
5557
5093
4341
4183
5493
3910
4956
3972
4072
4695
3336
3214
4892
4717
3001
4187
4459
3322
5096
4018
5876
4572
5184
3962
4705
5073
3948
3989
5629
5973
5977
3641
4332
5438
5084
4313
4337
4242
4660
5876
5795
3723
3328
4316
4070
4289
5327
5296
5425
3603
3113
5083
4097
4690
5017
4839
4892
3163
4737
3052
3506
4633
5742
3756
4292
5103
5503
3566
5181
3008
4776
3572
3828
3582
5895
3194
5929
5763
4167
3637
5853
4359
4699
3972
3810
4390
4632
5692
4049
5372
5569
4323
5529
4803
5797
4703
3645
5056
4582
3841
4175
5452
5487
5747
3476
3132
5871
3938
3901
3394
5661
3244
4605
4449
3597
3983
5605
3777
4779
4590
5682
4667
4609
3061
3647
3188
3146
5609
3310
5472
4732
4263
3005
3641
4881
4729
3368
4597
3986
3004
3838
4638
5964
3083
3698
3554
4951
5121
5895
5760
4719
4631
5717
4636
3595
3118
5978
5315
3637
4915
5318
4544
4019
4010
5956
5679
4990
3893
5709
4219
3931
4230
3119
5017
5042
3538
4313
4655
5107
3520
4844
3775
3256
5793
4913
4353
5939
3759
4424
3841
3074
4957
4065
3888
5270
3288
3306
5314
4801
3452
4069
4161
3685
5858
3138
4062
3990
5074
5977
3277
3972
3594
4236
5975
4590
5156
4266
4831
5569
3998
4845
3544
3691
5038
4230
3984
5561
3802
5398
5096
5771
5773
5061
5861
4422
3389
5971
5496
3233
5581
3546
5635
3563
3865
3726
5973
5742
4323
3055
5678
5449
4703
5060
4594
4815
3745
4728
5788
3106
4836
3907
5882
3712
5718
4692
4326
3718
5971
3961
3110
3820
3571
4740
4382
4488
3818
5833
5520
4788
3357
3484
5087
3900
5586
5173
5722
4169
4753
4857
3394
3258
5197
5806
4589
4789
3569
3222
4902
3241
3297
3873
5085
3495
3236
3059
4401
4045
3859
5849
4286
3143
4936
5005
3885
3457
5259
3025
3806
4882
5163
4815
4150
4131
5243
5052
3147
3920
3222
4759
3144
4719
5965
5739
4323
3301
3951
4532
3698
3775
4759
4464
5075
3550
3277
3303
4679
5036
4437
4764
5438
4636
3612
3315
5406
5989
5699
4311
5656
4953
4934
3493
4780
5302
4340
4363
5049
3581
4371
5014
3142
3590
5827
3557
5446
3076
5738
4297
5727
3043
4707
3751
5303
5114
5747
5034
3507
5871
4306
5158
4748
4752
3868
5076
5288
5447
3903
3259
3038
3837
4085
3241
4001
4570
4436
3438
5214
5048
5701
4652
5702
5043
4694
3235
3958
4595
5657
4536
3902
3589
3640
3987
3688
4312
4695
5671
4033
5551
5179
4381
3903
5550
4089
4914
3224
3952
3210
3097
3441
3666
4661
4771
4727
3739
4612
3736
4472
5103
4093
4376
4911
3003
3555
3206
4049
4985
3126
3383
4464
4948
4552
4541
5843
5614
5527
3745
3501
3836
4874
3825
4920
5915
4197
5582
5430
5656
5538
4630
3077
4800
5040
4026
5557
5874
5265
4883
4735
5606
3285
5977
3414
5242
3376
5133
4024
4149
5939
3661
3115
4701
5956
5923
4060
4310
4686
4089
4322
4495
4425
3130
4852
3771
4219
3106
3866
3027
5494
5592
5903
3067
5509
5218
5486
4430
4189
3753
4555
4851
5085
3402
5970
5384
5424
4839
3954
5096
3882
3683
5360
5920
4066
5542
3956
4481
5913
3510
5376
3249
4665
4504
3223
4240
5022
5384
3310
4341
4982
3056
3269
3798
3925
3338
4634
5256
5443
3441
4820
3020
5981
5785
4833
4588
5548
5826
5161
5853
4613
4925
5225
5712
3482
4458
5348
4367
5029
5026
5812
3935
4689
4771
4758
3026
3512
5650
4082
4360
5191
5883
3528
3348
5545
5670
4661
5224
5577
5449
5175
3779
3450
4380
4501
4260
4552
3562
3451
4217
5474
5085
4257
5771
4246
3463
5802
3236
5702
5562
3748
4978
3425
5649
3491
3915
3438
3238
3376
3158
4623
4966
4016
3802
3409
5401
4508
4749
5866
4870
3320
4133
4996
4885
3306
3916
5594
3526
5608
5144
5330
5387
5547
3180
3103
3250
3724
4107
4583
4604
5198
4357
3610
3874
4505
5995
3399
4083
5788
3585
5070
5246
3150
3302
4289
5881
3627
4213
3191
5309
4502
4440
5664
4418
3512
3530
5422
5682
5387
5793
5535
3781
5981
3432
4158
4574
3185
5173
4786
3824
5363
4916
5676
3304
5711
4389
5981
4806
5046
4123
4369
4021
5499
3556
5411
3012
3823
5860
3315
3787
4234
5458
4302
5873
3222
4504
4603
4694
3846
3882
3033
4884
5886
3173
3986
5182
3861
5215
5736
3770
5309
3848
5030
4404
3046
4906
3920
3521
3735
3971
3152
4990
4663
5338
5639
5655
3414
4992
4472
5132
3689
5639
5369
5055
3900
5490
5998
5219
5400
5789
3398
4522
4476
4918
4568
3414
5552
3302
4155
3106
5172
4291
3456
5728
3278
5398
3763
3053
4920
4925
4718
3765
3506
4031
4098
4241
5297
3769
4127
3746
4765
3782
5429
4805
3322
3245
5261
4506
5146
5636
3982
5330
4124
3797
4396
3639
3132
5697
5494
3843
3907
4125
3411
3745
3441
5265
5878
4604
3052
3133
4538
5270
5754
5436
5469
3897
5082
3184
3438
5312
5814
3436
3151
4980
5334
3670
4471
5422
4296
4148
3215
4528
3485
4051
5490
5645
4546
5705
4546
4841
5218
4914
5822
3217
5239
3561
3208
4382
3546
5366
3386
3625
4041
5113
4376
3172
3912
3293
4940
3461
4371
3198
4400
4788
5266
4245
3535
5446
4329
3299
5215
3848
3028
3320
5883
4078
5794
5449
5801
3093
5755
4047
5661
3020
4440
3749
4589
4198
4906
3228
4532
5781
4418
5152
5712
5184
5237
4922
5474
4090
4761
4388
5318
5595
3093
5250
5083
5215
3471
5092
3488
4253
4490
3386
3959
3812
4161
5739
3975
5463
5314
3869
3661
4988
3840
4454
4523
4471
4153
4094
4435
4169
3249
3431
4883
5622
5174
5146
5178
4476
4527
3383
4506
5445
4877
5038
3503
4472
3908
5957
4181
4192
4159
5605
5763
3116
5073
4784
4215
5242
4634
5642
4690
5938
3105
4596
5717
5881
4126
4159
4946
4501
3101
3819
3934
5137
4356
5728
4452
4400
4084
3007
3567
4510
5198
4998
5839
4128
3283
3246
4236
3377
4073
3880
5351
4921
3031
4166
4679
3722
4439
4289
5712
4022
5213
5125
3992
5306
5253
4653
4438
4608
3893
4793
5405
3581
5234
5883
3008
3244
5937
4240
5281
3026
4650
3613
3228
5177
4169
4325
5710
3685
5312
4767
3912
3620
3279
3997
4578
3092
4268
3592
3597
4224
3734
4583
4235
3522
3623
5150
5006
5615
4470
5244
4308
3538
5702
5927
3612
5073
3828
4138
3474
5443
4632
4613
5769
5426
4241
3423
5744
5547
4126
5667
4269
4209
3868
5468
4255
4486
3421
4221
4463
3530
3848
3580
4257
4734
3221
5742
3114
3958
5354
5156
4047
3362
3307
5250
4382
5522
3840
3688
3032
3056
3079
5537
3056
3980
5506
5538
4460
4444
3846
5500
3255
3576
5789
4705
3617
4879
3778
5302
5205
5854
4522
5603
3261
3263
4884
3111
4308
4296
3890
4881
5441
4170
5794
5896
5620
5305
3839
3771
5803
3982
4972
5416
5732
3028
5895
4829
3830
5147
4241
4725
4852
3163
5738
3208
3292
4645
5405
3395
5153
5462
5935
3097
4462
5377
4782
3938
3160
4017
3766
3046
4044
3953
5363
4014
3245
3409
3941
5512
5133
5806
4263
5983
3392
5671
5779
3619
5008
3528
3113
4997
4301
5732
4524
3223
5879
5151
3199
5159
5437
3863
5013
5192
3137
3338
5195
5479
3160
4137
4239
3421
3292
4858
4909
4825
3146
5207
5449
5562
3108
5454
5395
3901
4291
4882
3087
3843
5829
3162
4078
5868
5262
5065
5834
4980
3336
5658
5992
4413
3419
3994
4793
4207
4271
5210
3362
3744
4453
3310
4719
4802
3348
4791
4152
3889
5165
5561
3748
5465
4641
4437
5947
5078
3278
3796
3746
3259
4450
4713
5870
4375
3085
5890
4057
5445
3482
4580
4661
4019
5010
3755
5980
4083
5320
3253
5537
3938
3617
4466
5521
5873
4320
3956
4919
3754
3744
5968
4422
3425
4027
3270
3316
5195
4134
5890
4683
5788
4771
4034
4087
4494
4455
5836
3212
3267
5603
5654
3374
4064
4945
3766
3116
4372
3285
4850
5145
3919
5830
4668
3995
4233
4114
4366
5377
5871
5308
3744
4477
5731
4362
5984
3456
5487
3951
5240
5601
4200
3725
3201
5691
4025
4036
4326
4178
4409
5440
3285
5455
4939
4539
4353
3735
4774
4333
5254
3774
5610
4132
3079
5787
4647
5274
5573
5213
3052
3633
3080
4490
4873
5679
3375
4049
5520
4908
5698
5665
5475
4235
5541
5380
3901
4934
4129
5995
4600
4069
3627
3223
4866
5407
3173
4315
3034
3405
3378
3715
3535
3587
3873
5236
3028
3824
5001
4564
3449
3332
4760
4743
5560
5719
4732
3400
5300
3481
5264
4066
3522
4358
4948
5669
3537
3331
5315
3663
5172
3590
5969
3203
3495
3343
3692
5112
5984
3966
3967
3593
4724
5168
3939
3429
5476
5822
3423
3413
3043
4346
3215
4965
4135
4663
5501
4146
3299
5419
5488
4971
4673
5046
4087
4111
4835
4920
5406
3554
3919
5959
3738
5698
5814
3527
5443
5524
5751
5557
3004
4834
5161
3591
5575
3377
5351
4198
5732
5265
5966
5909
5925
5659
4721
4109
5797
5899
4531
4698
3170
3737
3156
5971
4903
5613
3447
3910
5020
3146
5213
5143
3175
5892
5081
3674
3042
4244
5750
3203
3535
5913
5512
5923
4435
4947
4982
3034
5515
4784
5802
3575
3248
5064
3961
3532
4093
3732
4631
4843
3148
4173
5450
4336
4271
4601
3497
3231
3240
4295
3116
3751
4456
4124
5626
5730
4639
3031
3465
5082
4276
4888
4910
4670
4832
3795
5011
3776
3129
4457
5721
4195
4963
5469
4054
5082
4654
4427
4809
3761
3651
5288
4419
5008
3526
4445
5111
4853
5085
3170
3214
5579
3702
5321
3907
3136
5982
4205
5234
3054
4974
5070
3164
5920
4770
5184
3200
5054
3647
3972
5606
4374
3396
3929
5258
4122
5384
3918
5777
5528
5256
4042
3535
4532
3454
5863
5141
3034
3082
4956
3797
5978
3086
3479
5913
3170
5649
5985
4370
5490
5888
5563
5972
5785
3733
3562
5397
5676
5444
5675
3917
5189
5494
3418
4985
5521
4295
3160
4254
5731
4467
5571
3640
4001
5741
3233
4242
3506
5417
5538
5468
4705
4455
3005
3376
5721
5067
4917
3582
3319
5017
3011
4544
3661
4538
4851
5684
3305
3461
5365
5030
4338
4073
3356
5556
3405
5777
4981
4442
4292
5207
4820
5016
5692
3630
3629
5008
5348
3748
4666
4674
3872
4294
4534
4169
4982
3110
3965
5822
3461
5976
3486
5202
3076
5271
4083
3871
3833
4251
3621
4336
4951
3586
3887
3153
4287
3472
5699
4876
5415
3576
3237
5230
5103
5600
4010
4548
4958
4062
5706
4469
4546
4256
4374
3014
5988
5032
3800
3248
3889
4156
3741
4708
3093
4476
3146
3346
3708
5345
5990
5410
5627
4339
4041
5146
4046
3215
3889
3595
5528
4656
4536
5549
5702
5535
4706
3885
3292
5743
5307
5966
4225
4363
5245
5591
5134
4029
5202
4631
4494
5428
4937
4560
5472
3682
3186
3969
4405
4188
4754
4446
5634
4715
5897
4416
5425
4560
5658
4318
4009
3088
5301
5971
3162
3768
3709
3480
5833
4002
5282
3361
5560
3281
4907
4033
4765
4773
5469
4645
4432
5194
3982
4613
4882
3418
3992
5576
3942
5097
3693
4206
5731
4215
3011
4782
4598
3028
4173
5953
3210
4875
3994
5272
3346
3284
3393
4226
5312
5783
5676
4384
5793
3487
5387
5177
5660
3806
3487
3220
5029
5430
3427
5513
3195
4159
5249
4907
4785
3657
5934
5089
3146
4379
4708
5062
4035
3006
5933
3452
4635
5511
4527
5062
4820
5635
4350
5268
5273
4187
4486
3702
5640
3025
3664
4525
3689
5104
3166
5992
3884
4773
5336
5371
5000
3009
3052
3975
5776
3395
5435
4617
4415
5347
4427
5720
5438
5204
3083
4695
4380
3599
3823
4004
3538
3231
5936
5121
3858
5007
5161
4374
5988
5747
5977
3628
3532
3277
4594
3434
5766
5816
4397
5625
5599
4824
4310
3051
5107
3376
4471
5222
5352
5693
3540
3726
5396
5661
3458
5205
5444
3552
3235
5479
3029
4506
4404
4440
5218
4997
3429
3078
3089
4464
5776
5927
4062
4898
3761
5563
4051
4047
4579
4682
5013
4423
3110
5222
3919
4920
3194
5368
4017
4383
3777
5721
3762
3759
4054
5150
3240
5077
5888
5231
5474
4665
4860
5978
5492
4123
5418
4431
5453
3019
4670
3548
3599
4963
5373
3767
5363
3747
4488
5557
3338
5014
4224
4329
4187
4635
4170
3839
4024
5171
4636
3749
5627
3273
3958
3412
3728
5517
5733
4438
5813
4435
3788
3045
5061
3491
5647
4728
3839
5110
3992
3943
3257
5701
3094
5574
3373
3160
3433
4228
5757
4872
3111
5531
5663
5458
4921
5525
4659
5507
3118
3600
4938
5023
3886
4913
4236
3703
5968
5306
3650
4579
3781
3538
5729
4782
5952
3495
5741
5576
3196
5610
3404
5622
3945
5164
5341
4892
4722
4339
4400
4145
3452
3397
3161
5832
5923
5156
5256
3867
5994
5767
4944
3551
3831
3459
5906
4003
4750
3145
5717
5730
5262
3293
5250
5291
4164
3181
3053
3472
4393
4647
3745
4541
5319
3415
5145
3520
4715
4716
4364
5021
5941
5739
3714
5744
4166
4824
3841
5253
3621
5604
4078
4094
5059
3553
4486
4791
4169
3582
3026
4396
5296
4383
5517
4467
3292
3629
3722
4882
3181
5015
5871
5720
3343
5979
5131
3882
3211
4991
4586
3729
5264
5744
3163
4126
4940
3404
5561
5020
3412
3576
4771
4883
5622
5080
3647
4435
5140
5010
4982
4224
3303
5131
3785
5555
5748
5246
5553
3752
3344
4165
4156
5092
5348
4627
3699
4688
5969
4540
4053
3505
4949
3226
5578
3933
5172
4356
5998
3270
5511
5602
5015
4636
4682
5065
5806
3095
3188
3259
5650
4529
3959
4459
5502
4592
5626
3791
4701
3522
5010
4011
5348
4032
3790
4894
3212
5137
4886
3897
3312
4903
3723
5178
5779
3634
4979
4187
5637
3873
4501
5298
4654
5508
5224
5468
3119
5078
4305
5482
3798
4513
5952
4597
4527
3446
4715
4427
3758
5250
5766
3640
4813
5880
3371
4730
5984
5938
5506
4931
4365
5903
3688
4852
3374
4234
5283
3367
5757
3874
5016
3088
3002
3611
5632
3192
4436
4236
4988
4555
3968
4275
4564
3218
4832
4246
3868
3850
4760
5315
4895
5641
5781
4231
4545
5362
5166
4182
5717
3276
4229
3681
4475
4371
5055
5173
3927
4707
4826
5481
3290
4258
4990
3185
3372
3841
4936
4361
3247
3980
4947
3847
4936
5348
4135
3487
5926
5977
4409
5662
5813
4629
3003
5683
5844
4559
3347
4819
5443
5497
4919
5752
4289
3708
4505
3238
5465
5269
5871
3131
5067
4320
3977
5258
4082
5159
5238
3928
3327
4599
3798
5144
4793
3487
3622
5473
5334
4822
4642
4041
4653
5390
5328
5703
5056
4605
3843
5227
4412
4175
5151
5808
3816
4469
4652
3252
5783
4666
4250
5727
3133
4212
4211
4208
4108
3924
4034
3339
5815
5593
5073
3928
4737
5080
5624
3843
5117
3162
3890
3124
4889
3980
5733
3617
4027
5899
4010
3426
3004
5530
5214
3625
4156
5918
3532
5688
3987
3986
4814
3008
3412
3017
4230
4563
5065
3708
4109
4734
3177
3400
3024
3928
5783
3590
4221
4839
4630
5998
5366
3500
5108
4771
4654
4219
3996
3376
3375
4821
4542
3774
4252
5678
4343
3553
3572
5493
5301
4566
5136
3543
3075
5374
3697
5717
4559
4115
5484
3937
5298
4517
3316
3555
5043
3169
5592
3867
5235
5899
5166
4518
3918
5272
5269
5068
4917
5503
3115
4064
3838
5309
3446
5972
3203
3200
3263
4525
4419
5400
3108
4619
3470
4919
4329
5139
3190
3663
4979
3110
5741
4411
3769
4131
4519
4735
5000
4928
4284
5056
5958
4912
5663
5655
3320
5353
4228
3652
3525
4317
5399
3929
4845
5565
3614
5004
4500
4235
4179
5467
3458
3898
4887
5912
5891
4769
4496
5863
3183
3397
5760
5817
5662
4783
4216
4170
4237
3211
5994
4414
3677
4056
5152
5202
5488
4477
5644
3326
3535
4550
4146
3739
5937
5072
4699
4055
4506
5978
4701
3386
4100
5710
4834
5222
4861
3065
3270
5982
4457
4845
5858
5878
5352
5220
4147
3531
4235
5615
3487
5040
4525
4551
5118
5023
3209
3992
3827
5726
4044
5205
4123
4197
3765
3863
4697
3853
4751
4465
3117
4137
3316
5217
4919
4554
5180
3707
4395
3651
4252
4583
4503
5980
3625
3910
4885
4115
3840
3720
3075
5799
4824
4250
4177
5369
5114
5400
3247
4019
5976
5672
5555
4155
4206
4895
5248
3739
4410
4872
4772
3313
3808
5836
4484
4392
5562
5589
5716
4245
5272
3601
4679
5960
4064
3158
5230
3854
5518
3872
4007
4668
3552
4245
4978
3637
5246
3000
4083
5208
5363
4160
5616
4953
5522
4844
4851
3141
5807
5963
4342
5665
3829
4740
4519
4159
3823
5063
4103
4587
5995
3181
5351
4443
4115
4014
3930
3356
3736
4335
3521
4249
3169
5986
3763
3416
3489
4916
5958
5987
4719
5473
4481
3713
3672
3705
5875
3769
3860
4317
4835
3554
4458
5753
3153
4910
5647
3193
5374
3644
3606
5453
4405
5126
4209
3875
5342
4170
4919
3437
5377
5946
3928
3423
4145
3264
4232
5207
5600
5717
5045
5899
5792
4887
5756
4077
4293
4218
3830
4366
4488
4051
3839
5410
4047
4462
5898
4479
3198
4670
4791
3547
3130
3079
4627
3441
3052
5012
5038
5382
3515
4358
4324
5165
5110
3318
4124
5858
4431
3977
5011
3289
5858
3462
4203
5636
3115
3008
5896
4063
3908
3057
3574
5592
3040
4683
3608
4067
4607
3321
5652
3125
3926
4859
3560
5348
3968
4042
4577
4343
3204
4954
4248
5928
4731
4318
4902
3493
4406
5193
3886
4258
5704
5084
3359
4584
5930
3509
4551
4482
4002
3454
5391
4406
5307
3961
3364
4904
3361
4040
5264
5489
5568
3426
4830
4389
4395
5772
4226
3029
3022
5846
5482
5745
4643
4193
5079
5851
4067
4118
5674
5905
3123
3921
5158
5736
4524
3865
5338
3290
3159
5241
3855
3495
4084
3321
4235
3120
5742
4699
4403
4231
3960
5380
5052
3478
4634
3131
5944
5220
4206
5486
3007
3625
5662
5944
3517
4617
5441
3040
5338
4238
4321
4178
3775
4340
3900
5950
5944
5063
5112
3847
3789
5869
4188
5372
5373
5280
5612
3895
4463
5170
5637
5897
5778
5275
5434
3873
4688
5469
3198
4272
5232
4298
3377
3641
5312
4090
4434
4497
5205
4412
4845
4334
3135
4205
3238
3328
3141
3720
5785
5689
4341
4867
5018
3387
3904
5286
3109
3659
5987
4140
4829
3536
3982
3917
5070
3953
3366
5959
3944
4035
5183
5476
4939
5477
4063
4902
4424
3512
4212
3973
5448
5556
3936
5104
5586
4224
3209
5995
3736
5224
4005
4758
4359
4439
4210
3940
5147
5195
3249
5209
3020
4370
4538
3702
3622
4436
5130
5609
4345
5011
4994
4208
5719
4785
5780
5321
5551
5297
3560
5165
4223
5755
5953
3869
4010
3282
3785
5028
4178
5928
3717
3748
5874
3673
4429
4425
5840
5977
4482
5031
5173
3768
3782
3875
3678
5386
5684
5467
4169
3744
3815
5769
4960
3835
4149
3002
4782
3127
4797
5425
5464
5411
5917
4430
3408
5075
4042
5854
4015
4491
3718
3329
4105
5978
5550
5596
3610
5556
3588
4697
4977
3897
5702
4385
3525
3738
4279
4079
3738
3769
3786
3298
3634
5548
4873
3557
4036
5805
5026
5415
3328
5490
3685
3255
3256
5139
4176
3699
4586
4572
3894
4401
4676
3556
5780
5074
5082
3279
3925
3780
4223
5167
4392
5275
4601
4884
4031
5257
3960
3688
3926
4497
5987
3858
3570
4891
5674
5608
3711
4441
4885
3426
5126
3893
4045
5690
3364
4765
3981
5706
5741
3681
5217
3388
4856
5647
3652
3313
5670
5854
5979
3752
5137
4550
3849
5858
5965
5427
4228
4879
3763
5000
5515
4604
5842
4087
4863
4282
5442
3756
5915
5220
4247
5148
3111
3448
4288
4042
3625
5155
3785
5825
4462
5942
4386
3727
3665
4070
4055
3089
3307
4863
5309
4349
3836
5680
5554
5031
4764
3936
5799
4247
5528
3150
4965
5478
3609
3161
3088
5447
3283
3444
4671
4796
3788
3038
4905
4326
3827
5587
3871
4233
3388
5289
5146
5156
3400
3725
3674
4761
3730
4545
5529
3466
5131
4633
3610
4423
5048
4228
4621
4498
3956
5084
4367
4298
4671
3574
3498
5831
4599
3188
3215
4117
5434
3033
3965
4592
5306
5222
3370
4028
5624
5650
3529
4398
5136
3237
5225
4837
5498
5044
3554
3435
3460
3975
5582
5943
3902
4633
4445
5951
4270
5307
3388
3465
4618
5659
3962
5081
3849
5823
4353
4501
4842
5277
4061
4228
3364
4644
3438
3253
4004
3058
3075
5933
3444
5316
3587
4663
3201
4167
4005
4061
3251
5345
3854
5069
4194
5512
4003
4465
4857
4819
5723
5909
5851
5096
5769
5504
5942
4626
5524
3611
3593
3193
4629
4002
3569
5077
4556
5037
3646
5707
4020
3047
5469
4769
4598
4169
3120
5895
3404
4346
5683
3474
5978
4392
5952
3660
3563
3735
4547
3184
3567
5904
3130
3478
4663
3365
5793
3711
3369
5343
5545
3687
5079
5962
5686
3523
3841
5694
5874
5185
4647
3869
5982
3859
5437
3619
4592
3711
3789
3061
5124
5183
4060
4464
4377
5850
4553
5124
3321
3422
3650
4458
5410
4271
5824
3172
5156
5513
4508
3616
3611
3833
4162
4750
5516
3071
5566
4885
4875
5755
3296
4861
3159
5422
5667
3221
4983
5227
5577
5239
4669
5979
5263
5914
4364
3175
5822
4916
4466
3482
3351
3020
3850
4899
4860
3224
5872
3697
5897
5804
5676
4334
5262
4379
4353
4626
3736
5554
3112
3620
3757
4422
4391
3572
3807
5741
4018
4413
4591
4644
5935
5554
5100
4790
3996
3523
3396
3672
4119
5608
4681
5937
4767
3137
5654
4488
3532
4628
5079
3601
5935
3349
5353
4749
4059
4268
3052
4292
3172
5752
5326
4102
3165
3760
3409
5817
5393
5607
5370
3788
3684
5181
4878
5637
4273
4171
3506
3946
3666
5698
4427
3674
3820
4162
3698
4397
4655
4944
3714
4356
4454
3550
5319
4317
4794
5467
3870
5859
5059
4342
5948
3640
3303
3714
5820
4110
3989
3218
3297
5609
3357
4625
3677
4441
3973
4357
3743
4168
5205
5696
4627
4365
4174
4702
4437
4318
5664
3620
3662
5095
3560
3843
3090
5613
5025
4669
4514
3221
4617
3843
5929
4051
3661
5740
4473
5774
3477
4060
5008
4439
4683
3994
4995
5799
5670
4590
4630
3273
5584
3368
3280
4229
5740
4403
3731
3413
5461
3163
4016
4395
3849
5091
4505
4661
3960
3709
4452
5546
4136
4438
3257
4107
5765
4532
4605
3883
4057
4714
3854
4755
3248
4378
5907
3501
3018
3171
5709
4651
3829
5022
4085
5541
3211
4682
3402
3581
5230
4340
3356
4011
3188
4191
3141
4653
3779
3510
4184
5447
3934
3585
3331
3440
4233
4725
5035
3864
4290
5715
3412
3191
4699
5906
5380
4281
4362
4105
5127
3155
5689
5193
3046
3327
4756
5279
4674
5115
4574
4411
5781
3889
5869
4847
4937
5599
5984
5906
4851
3734
4431
3256
3359
3192
4801
3738
4226
3178
4101
5395
4601
4401
4583
5078
5888
5929
3062
5347
4698
5125
5790
4601
3530
5723
3692
5623
5805
4651
4841
5440
4358
3851
5049
5963
4452
3060
5213
4262
3359
5692
5349
4001
3419
4269
5536
3212
4490
5943
3896
3447
5164
3718
3323
3466
4626
4634
4180
5140
4654
5390
5225
4019
4995
4963
4296
5878
4667
4408
3436
3568
3787
4761
4249
4812
4842
3897
3507
3698
4287
3466
4045
3050
4132
4390
3098
4149
4289
4248
4248
3214
3527
3922
5821
4792
5637
5825
5981
3828
4339
4101
3171
4304
4434
4335
4319
5581
3402
3724
5694
4846
3839
4668
4124
3922
3764
3845
4215
4235
4339
5880
3591
3395
3536
5228
4806
3744
5460
4685
3956
4632
3297
3048
3598
4131
4657
4559
3247
4074
4183
4690
5619
4168
5713
4306
3006
5425
5307
5998
3244
3730
5538
4349
5727
4153
5856
5578
5881
5550
3076
5276
3839
4415
3166
5639
5325
3540
3594
5224
5726
3831
5215
4649
3091
5086
5801
3516
5809
3444
4793
3069
5017
4943
3344
4287
3286
5704
5109
5508
3132
4469
5628
5048
3023
5440
3264
4835
4121
5230
5755
4464
5914
4964
3490
3358
5965
5560
4117
4029
3702
5490
4159
5787
5897
3332
3385
5411
5194
5502
4849
3226
4094
5707
3573
4001
4100
3687
4994
4174
3955
4169
3762
5575
5392
5715
4144
4039
5507
3838
5004
3104
5381
4673
5941
5792
3674
4149
5683
4845
4120
5110
3976
3725
5911
4411
3619
4409
4506
4580
5461
3969
3242
5133
5701
5842
4703
3717
5081
4580
3429
5690
4873
3554
3904
4731
3075
4439
4792
4892
4498
4730
5377
3458
3901
4340
3034
4436
4820
4109
3608
3967
5666
3603
3275
4705
5700
5182
5093
5529
5162
4187
4760
5461
5284
3819
5352
4365
4949
4855
4786
5855
4036
5707
3403
4235
4945
3257
3746
5392
4664
4492
5382
5469
5074
4221
4697
5104
5826
4572
3512
3508
3739
5339
3016
4494
4816
4312
5281
4697
5749
3307
3298
4776
3282
3433
3290
3237
4406
3505
5732
5361
5617
3069
4310
4435
4237
4148
5715
4919
4233
3583
4813
5242
4778
3001
3577
5514
5556
3567
3456
4272
3421
3031
3468
5609
5577
4176
5414
3013
5802
3223
3062
4733
3251
5176
3564
5105
4550
5968
3155
5534
3767
4577
4704
5912
5579
4931
5737
3838
5422
4544
3408
3386
4507
5778
5007
4362
3296
4436
5557
4757
3789
4726
3250
3449
4747
4659
5848
5108
4384
3032
5648
5623
5316
5623
5536
3137
4507
3017
5087
5619
5845
4753
5314
5032
4755
5713
4920
4654
5566
4250
4702
3524
3259
5391
4172
4625
5563
4785
4917
3616
3851
3384
5346
4559
5086
4507
3031
4298
3150
5987
5822
4950
4117
4173
5035
5616
5946
3066
3618
3263
3542
4962
4272
3971
4232
3890
3115
4652
5784
5510
4940
5492
5110
4821
3206
4169
5697
5639
3827
4660
3125
4796
5797
4271
5208
3803
3412
5844
4398
3721
4291
4388
5970
3040
4160
3626
3239
4430
3674
4971
3462
4123
4729
3430
4288
5957
4726
3820
5743
5470
5950
5374
3939
5962
4520
3999
5836
5326
5046
3521
5117
5181
5162
3453
5531
3034
3030
5087
3657
5657
3424
5004
5185
5955
4771
3306
3019
5044
4739
3144
3643
5787
4209
4655
5952
4720
5313
3229
5920
4992
4511
5774
4064
3651
4332
4569
5526
3255
3286
4778
3424
4561
4721
4289
3274
3507
5388
3253
4984
5570
5842
5925
5549
5992
5415
4712
4299
3724
4878
5752
4775
5457
3052
3444
5227
4321
5076
3395
5963
3094
5594
3389
3389
4967
4351
3489
4812
5884
3255
4286
3098
3491
3265
3901
4666
3784
4769
4105
4966
3568
3510
5015
4577
3306
4651
5865
3065
4645
3308
3845
5677
5787
4142
5146
3326
3709
3904
4394
4762
4373
4486
3092
3254
3005
4046
4000
3197
5154
5553
5445
4043
4361
4502
3527
5343
5881
5741
5776
5104
4399
5810
5752
5216
5992
5709
3720
5469
3797
4766
3847
5355
4636
4508
5307
5083
4897
3080
5692
5916
4176
3568
3438
4423
4014
3214
4790
3081
5118
3802
5469
4931
3060
3166
4352
3500
4161
5549
4000
5944
5138
4853
5384
5572
3955
3138
3692
4678
3869
5904
4654
3667
4159
3482
4303
4960
3463
3094
4512
5077
3046
4978
4779
4397
4328
5193
5221
5292
4582
4236
5593
3589
5782
4474
5218
4927
5415
3725
5440
3109
3476
5524
5082
5366
3783
3657
5181
3109
5277
3735
5010
4031
4482
3571
4703
5614
4918
4561
3602
4681
3110
3430
5522
4203
3414
3617
5582
5177
3364
4409
5787
3445
3249
3672
3634
5615
3792
5030
5155
3251
4699
3853
5616
3246
4803
3551
4499
3322
5524
3907
3036
3188
5946
3707
3791
5361
4567
3010
3141
5837
5054
5407
5983
3258
4608
3076
3460
5976
5978
5291
4359
3167
4375
5326
4082
4889
4636
5764
3559
5176
5693
5417
5566
5103
3326
5523
4874
5975
4609
4994
3111
5230
5571
5801
3850
5688
5009
3482
3870
3174
5428
4816
3833
3683
4501
3599
5812
3840
5927
3274
3859
4393
3863
3404
3549
3748
3486
3498
3839
3937
4925
5497
4324
4225
3125
3213
3324
3441
5720
3615
3900
3822
5797
5793
3741
3324
3867
3959
4725
5229
5868
4260
5333
4623
3645
3579
3734
4913
3045
4330
3635
4145
5362
3149
5887
4112
5243
4498
5475
3415
4918
3163
4904
4514
4676
4088
3977
5995
3072
3874
3962
3945
5546
4271
4565
5527
3266
4086
3731
3734
4689
4156
3432
3934
5492
3905
3231
3608
4837
5898
5838
3010
4977
3842
5287
3125
4678
3303
4625
4813
4243
3297
4403
3878
5830
3398
5600
5929
4108
4338
3681
5359
4600
5079
3538
4561
5495
4366
4256
3550
4695
5964
4540
3231
4511
4732
5450
5641
4464
4641
5560
5413
3302
3049
5487
3900
4879
4033
5015
3031
4041
3232
3971
5443
5914
5375
3359
4192
3320
3250
4891
4834
4664
3040
4377
4407
3781
5538
4860
4530
4265
5823
4889
4182
3899
4652
5066
3515
5609
4893
4503
4448
4758
5090
4802
3202
3883
3434
3192
5091
4393
4002
5610
3801
4280
3587
4333
3226
3174
3325
3967
3330
3864
3879
5888
5663
5887
3105
3451
5870
4944
4686
3207
3264
3629
4286
3155
4581
5259
5593
4071
3536
4894
4398
5085
5706
4581
3779
5520
5979
5514
5599
5563
3482
5265
4613
3790
4999
5791
4721
5949
5355
4107
5747
3388
3404
4323
4766
3629
4548
4629
5142
4199
5371
5521
5537
3398
3551
4506
5821
3811
4482
5835
3090
3112
3627
5493
5088
3207
3707
5455
5323
4292
4081
3466
5588
5240
4514
5795
3705
4139
3656
3246
5706
5766
5498
5541
4339
3873
3996
4680
4860
4624
4587
3481
5513
4317
6000
5596
4527
5448
3936
5122
3715
5785
5040
5740
5734
3777
4823
5683
4489
3516
4648
5989
5674
5298
4732
5860
4568
4678
4930
5959
5073
4368
5744
3976
5303
3019
3434
4197
3701
5161
3522
3295
4505
5497
3584
3776
4047
4293
4898
4993
3193
5851
5189
5637
5684
3986
5000
4707
4609
5365
5166
5624
4324
5338
5638
5301
4082
5826
5631
4002
4774
5733
4349
3510
4669
4499
4197
3223
4296
5978
5253
3388
5080
4807
5410
5424
3266
3733
4973
4137
5276
3484
4294
3816
5995
5158
5041
5615
5215
4641
5187
4592
5741
5545
3088
4373
5574
4430
3488
4600
5711
4683
5281
5499
4744
3371
3648
5492
3599
5339
5076
4508
5477
4676
3946
5879
5132
4542
5688
5319
4576
4924
4643
5681
5385
5628
5214
3519
3525
4821
5962
3742
3714
4571
4287
4597
5587
4976
3987
5182
3560
3477
3274
4685
3325
4378
5382
5482
5021
5077
4333
3501
4796
3495
4400
4833
4617
4753
3885
5498
4109
5123
4454
3307
5895
5722
5811
5286
4045
3969
3018
3088
3124
3555
4364
5301
5637
3784
3115
3297
4615
5197
3077
5426
3831
5659
4971
5049
4028
5271
5842
4042
4787
3219
4418
3510
4767
4826
4512
4777
3947
3407
4689
5130
3389
4740
3581
3744
3481
3768
4409
5564
3818
4148
3546
6000
5160
5944
5251
4010
3700
3843
3119
5471
3209
3788
4835
4789
5006
5533
4001
5066
4088
3423
4236
5130
4110
3483
5119
5044
4912
3407
4641
3981
3640
3161
4522
3735
4910
4538
4561
4995
4643
4858
3203
3432
3051
3695
3407
5677
3811
5422
3206
3149
4534
3563
4656
4793
5348
4026
4730
5030
3936
5776
4676
3947
3456
4140
5490
5361
3776
3263
3214
4326
4539
4511
5708
4022
4507
4149
3464
4692
5014
4375
3638
4746
4564
4182
3917
5196
5108
4136
4017
4204
4186
5075
3812
4737
5603
5419
5120
4400
4510
4245
5889
4638
5025
4287
5329
4785
5836
4490
4000
3714
5523
3960
5042
4867
5415
5834
4650
3430
5471
4220
4718
3483
3542
5247
4579
4052
5435
3669
4982
4324
4484
4570
4096
4928
5473
4359
3650
3330
5485
4707
5254
4909
4954
3019
4072
3064
3492
3019
4085
5283
3595
5221
4787
5947
4308
4428
5151
5981
5829
4729
4517
4107
4141
4645
4754
3243
5837
3620
4470
3827
5187
4417
4772
4337
5468
3670
4359
4182
4414
4464
4194
3689
5242
4467
5837
4329
3209
5691
3877
5568
3701
4930
4741
3057
4465
5406
3403
5175
3073
3842
4140
3164
3227
3289
4801
4614
5850
4275
3409
5167
3461
3575
5024
5339
5625
5759
4191
3338
4089
4015
4113
3101
3816
3870
5900
3813
3801
5156
4425
4272
5257
5873
4428
5982
5124
5360
5643
5160
3445
5224
4540
3344
5106
3995
5637
3598
5036
5661
3550
4980
5700
4187
5288
5305
4755
4720
3671
3940
3123
5598
4983
4238
5048
4268
5953
3428
5978
4019
3136
3794
5940
3402
4511
4257
5004
3841
5297
3372
4749
4912
4462
5261
5738
4403
5184
3412
3572
5424
4148
3060
3867
4905
5302
5391
4740
5251
4576
4182
3545
3321
5346
5054
3617
5376
4854
4360
3218
4118
5660
4099
3088
3590
5130
3468
5725
3489
5266
3484
3641
5154
5938
5494
5543
4660
5651
4078
3106
5171
3201
5810
3567
4081
5106
4592
3107
5148
3938
3554
5696
4868
5759
3701
5816
4445
5374
5605
4031
3212
5429
4015
4506
4582
5142
5474
3653
4689
3625
5431
5204
4743
4373
5402
3564
4934
3059
3165
3986
4897
4869
5588
3281
3153
4925
4734
5446
3263
5878
5656
5842
3593
4968
4202
4735
3101
3774
5580
3539
3235
3868
3042
4884
5541
4793
5324
5388
3322
3637
3648
5718
3215
3548
5966
3143
3015
3618
3938
3522
5653
5823
5552
3714
5964
5659
5602
5549
3028
4872
4952
4089
5785
3346
3867
4033
4295
4215
5776
3172
4068
4661
4591
4258
5446
4550
3240
3606
6000
4149
5017
5963
4527
5202
5115
3403
5339
5308
4648
5748
4132
4071
5774
3708
4788
4106
3014
4155
5495
3680
3394
5926
5529
5581
3777
3224
3213
4210
5879
4815
5421
5713
4327
5150
4765
3036
5230
4092
5915
3048
3516
5867
5012
3612
5464
3217
5775
5368
3902
3669
5107
4393
3435
5616
3714
4647
5463
4852
5626
3373
4984
5866
3830
3467
5283
5811
5357
4782
4975
5856
4518
3672
5942
3906
3110
3025
4823
3805
5915
4471
5307
3477
3359
5538
5607
4687
4424
3443
5932
4895
4921
3025
4804
4378
3115
5751
5340
3635
3860
4824
3542
3240
4563
3594
3927
4722
5935
3616
3617
4131
5496
4247
4201
4444
4226
5234
5020
4007
5310
4257
5380
4614
3584
5518
5047
4314
4016
5538
3527
4270
3076
4354
5543
3696
3012
5729
5547
3615
4640
3372
4536
4455
4939
5704
5632
3967
5666
3767
4839
3143
5495
5036
3953
3761
3601
4897
5793
3381
3412
4578
4624
4103
5577
5652
4692
5041
4362
4158
4059
3527
3912
3933
3140
3567
4290
4874
3908
3944
3800
4314
3516
5705
4852
5910
5889
3686
5685
5248
4362
4833
5804
5713
3722
3492
3153
5045
5735
3084
5974
4079
5364
3088
3371
3927
3692
3554
5423
4465
3503
4561
4526
5655
5238
4213
5003
3893
4288
3320
4793
5355
4358
4041
3245
5962
5773
3628
5758
3026
3947
4717
4907
3899
4673
4343
4270
3625
5652
5359
5593
5403
3829
4145
4287
4782
5113
4606
3827
3511
3927
3341
3006
3004
3726
5571
4504
4732
4097
5436
4639
3593
3371
3601
3659
3624
3169
5772
3831
3372
4082
4730
5311
3079
3306
3843
4137
4094
4921
3811
3187
4552
4208
5172
3114
5966
5841
5812
5525
5239
5569
5680
4130
3284
3862
5159
3064
4021
5030
5274
5089
4075
4722
4824
3975
4854
4990
4292
5042
3447
4990
5279
5396
5396
3830
4186
3647
4143
4986
5994
5708
5645
3562
5762
4329
3180
4073
4420
5905
4046
4257
5808
5016
5769
5767
5161
4894
5658
4289
3570
3976
3107
3859
3865
5839
4680
5463
4342
5235
3009
5445
5531
4502
4191
3580
3828
5809
4595
3543
3177
4721
3684
4668
4194
5656
4180
3661
4555
4208
5220
5366
4174
5504
4591
5622
3045
3236
4831
3097
3229
5818
5356
5834
3477
4996
5749
5852
3679
4146
5099
3366
3445
3749
4856
5711
5656
4423
3677
4465
5151
4991
4087
5735
5396
3979
3860
4834
5585
5301
5076
5385
3536
3069
5609
5549
3601
3711
4232
4703
3727
4908
4762
4013
4133
4467
4227
4272
5400
3852
4202
3797
4681
3471
3271
5158
3272
4077
5576
3901
5116
3755
4958
4428
5914
5448
4962
4487
5556
4976
5762
5425
4945
5847
3466
5429
4134
3889
5669
5664
5973
5129
5233
4064
5830
5482
5316
5043
4017
4247
5587
5228
5822
4240
5133
3090
5352
3950
4950
5061
5290
4890
5527
5784
5347
4784
5510
5120
5758
5701
3470
4322
5472
3838
3991
5134
5179
5594
3182
4544
3299
5161
4830
3574
3361
5881
3929
5862
5606
3662
5068
4476
4426
5216
5919
4394
5368
4341
5066
3876
4453
3636
5658
3463
4071
5852
5518
3662
4859
5695
5634
4732
4717
3035
3475
5761
3356
5774
4000
5541
3102
5887
3863
3130
4909
3499
5047
5753
5831
5039
5682
3575
4437
4577
3932
5616
4160
4931
5410
5808
3714
3113
3827
4728
4359
5835
5094
4858
5606
3932
3274
4485
5533
5157
4672
5687
5033
3525
4321
3036
4480
5185
3869
3282
3548
5988
3290
5473
3002
5925
5695
3433
4875
3212
4878
5644
5139
3085
4112
3061
3687
4721
5395
4544
3154
5512
4343
4548
5262
4509
5569
4741
5647
5518
5946
4802
4566
4310
3865
5668
5162
3558
3613
3477
4423
3525
5899
3973
5904
5460
4049
3487
4786
5467
5015
5076
5325
4651
4042
3727
5239
3964
3652
3050
5283
4125
4846
3856
4663
3540
3255
3116
3021
3186
5881
3997
4434
4393
3246
5488
4897
4449
4067
5480
4686
4322
4100
5884
4689
5479
5928
5002
4514
5645
3399
4677
5785
5981
4696
3151
5879
4426
5349
4111
3577
4533
3571
5246
4166
3536
5700
3778
3943
3036
5014
5166
3480
5752
4403
3549
3927
5254
3734
5737
3458
4034
3506
4316
4783
3481
5449
3564
4416
4636
5442
3977
5909
4112
4413
4022
4936
3873
3757
5419
4123
3669
4515
3068
4791
5596
5058
5803
4891
4668
5532
4796
5299
3592
4742
5272
4954
4823
4871
4952
3023
3080
3221
5366
3994
4959
5828
4377
3721
3519
3840
5365
5144
3282
3375
3771
4496
4477
5865
4777
5348
5277
5838
4953
3934
5121
4318
5938
3026
5769
5463
5554
3126
5609
3663
4559
4308
5008
3698
5380
4931
3463
5786
4185
3635
3468
3014
5340
5393
4709
4220
3742
4966
4634
3441
5555
3380
4554
4222
3556
5869
4346
5865
4251
3833
4845
4526
5848
4738
4721
4952
5542
5909
5698
4473
5681
4542
5921
4877
5284
4813
5536
3084
4473
3930
3576
3883
5837
4278
5364
4108
4602
3637
3968
4493
4666
5528
5694
3356
4836
3111
3202
4716
5526
4680
5970
5858
3432
4157
3985
5725
3252
5174
4454
5190
3687
4081
4755
4049
3566
5293
5450
5960
5992
5552
4624
5914
5502
4971
3358
5529
3239
5843
5450
4527
4357
3215
4610
5499
5184
5618
3911
4391
5247
4988
3154
3091
5793
5075
4320
4414
3607
3086
3483
5443
4481
3677
3149
5384
5473
4769
5075
3415
4900
4670
5155
4042
5002
4004
4416
5829
3429
3032
4124
5453
5001
3135
3011
3483
4806
3557
4756
4861
4587
5045
4661
5865
5239
5573
5897
4101
4534
4638
4748
5070
3233
4058
4734
3071
4129
5910
3857
4199
5766
4018
5093
5632
4449
5730
3048
5399
4804
3152
3836
3215
3931
3803
5097
4518
4735
5957
5627
5931
3511
3088
4552
5733
4301
4962
4100
5311
4166
3625
5899
5342
5025
4603
5485
4859
3197
4269
4283
5120
4204
4132
3675
5547
3677
5554
3139
4236
3487
5366
4691
5534
4105
3458
4903
4126
5336
4275
5722
4172
5902
4068
5685
4778
3672
5694
3507
3021
3137
3875
4834
4215
5243
3980
5226
4309
5202
4985
4608
5794
5895
5420
4989
4161
5245
4551
4185
5401
4853
3851
5586
5310
3023
5841
4059
5416
3103
4350
5921
3167
3822
4251
5006
3373
5618
3001
5829
3965
4603
4813
5764
4626
5675
4789
3499
3724
3827
4174
5467
3887
3881
4402
4520
3736
3044
4222
3888
3451
3136
4343
3634
5585
5253
3834
3419
3475
3707
3049
3132
3912
3347
4781
3114
5706
5649
5359
5392
4613
5475
4798
3695
4051
3783
4637
3335
3855
5285
4802
5783
3693
5391
5737
4982
3417
3347
3243
3012
3716
4143
5481
5853
4059
4950
3809
4829
3868
5680
5966
5862
5726
5229
4027
3082
5463
3377
3483
3687
3419
5522
5092
4369
4154
4325
3540
3253
3683
3053
3969
4310
3883
4652
4525
3344
5477
4692
4682
5846
3085
3965
5694
4971
3867
5286
5697
4196
3464
5471
4744
3075
4045
4683
5270
4513
3390
5986
5411
4132
4645
5203
3596
4333
4556
5007
4025
5255
4800
5320
3495
5812
4814
5260
4346
5770
4008
5734
5307
3224
4037
4190
5236
4465
4080
3964
3972
4407
3897
4911
3593
5691
3194
5508
5816
5220
4812
4037
4328
3876
3642
3804
5063
4674
4719
5716
4441
4384
5316
5042
5781
3314
5787
3613
3158
4556
5990
5283
3649
4843
3404
4173
3705
4578
3788
5010
4739
5113
3107
4513
3516
5890
4991
5038
4793
5349
4907
5461
5427
3084
5159
5346
3445
5092
3834
3044
4554
3410
3240
5919
4207
5737
4947
5057
3330
5970
4481
5477
3756
3999
4338
3982
3923
3774
5546
3950
3356
3716
3964
4109
5000
3499
5541
5329
3018
3376
4997
5089
3657
3758
3241
4612
5909
5060
3403
3970
3485
3661
5388
5016
5344
5613
4991
3940
3975
4769
5759
5969
4805
4704
4236
3752
5539
5943
4181
3352
5894
3329
4414
3826
4300
4654
5124
4686
4831
5941
3456
4993
4717
3993
3197
3506
4382
3929
4384
5784
4851
3113
3227
4993
5234
4942
5561
5709
4601
5997
4376
5213
3346
4976
5702
3765
3757
3020
5477
4824
4542
5150
3402
4836
5351
3240
3056
3543
5474
3377
5284
4542
3624
5161
5224
4207
5392
3284
3385
3534
4301
3083
5942
5594
5537
5011
4460
5284
4774
3211
5257
3408
5523
3980
4460
3445
4327
5421
5430
4552
3840
5977
4501
3469
3967
4815
3085
4469
3656
5079
5031
3456
4933
4111
4555
5965
3884
4474
5892
5109
5389
3889
5894
3010
4415
4491
5622
4547
4238
5385
3892
3492
4389
5684
5364
3762
5235
4909
5837
3943
5187
5303
3654
3739
3731
4074
3563
4522
4419
3438
5306
3974
4908
4384
3366
3739
4405
3031
3428
3607
4690
3424
3405
3311
3362
3408
4484
3648
4171
3155
3837
4140
4027
4252
4446
3025
5833
4688
3602
4593
4932
3071
5910
4944
3597
3733
3159
3331
5120
4259
3444
4815
3214
4567
4357
3097
3774
5412
3021
5406
3112
4044
4572
5046
4956
4545
3917
3552
3684
3137
3141
4817
3818
3631
5004
5506
5938
3353
3797
3904
5497
3372
4079
3089
4138
3798
4111
5857
3628
4316
5121
5351
5195
3148
5798
4468
5807
3972
4170
3072
3057
3709
5038
5575
4441
5368
3000
3018
4081
4114
4052
5689
3795
3295
5884
5300
3094
4808
3514
5585
3560
3915
5148
3534
5208
5681
4988
3580
4904
3396
5855
4769
4064
4935
5147
3927
3334
3262
4680
3094
5840
4490
5521
4470
4808
4974
5345
4502
4795
3218
4537
3533
4855
4778
3313
5322
3103
4971
4409
5270
4140
4673
4372
4105
3837
3114
4689
3252
3444
3126
3289
4523
4553
4108
3867
4416
3291
3120
4467
4319
5986
4952
5643
3296
5526
5705
5187
5827
4791
5545
4187
5285
5869
3640
5893
5092
3612
5994
3461
4236
5764
3906
4810
4535
4068
5546
3989
3642
3045
3338
3745
5784
4651
4482
5040
5888
5558
4373
5544
5977
3970
4774
5499
4843
4747
3985
3280
5181
3407
5291
3079
4696
4083
3242
4918
5194
4427
5361
4181
5985
5742
5543
5485
4055
5908
3255
4745
5647
3750
4782
3637
5214
4271
4352
5466
5024
5131
4907
3822
4413
4983
5489
5316
3957
3337
4790
5602
4771
4793
4280
5362
5065
4638
4950
3711
5326
3329
3442
3450
3873
3653
4006
3747
3904
4856
5819
5661
4848
5741
4746
3464
5565
4586
5206
5563
4633
3870
5134
5372
5917
5835
5497
5633
3729
3718
4156
3987
3416
5127
3137
3849
4396
4269
4519
3304
5863
4177
4287
4290
4997
5859
4142
4292
5843
4848
4877
4239
5449
3463
3279
3303
5064
4464
4986
5140
3603
4932
4848
3175
5409
5423
3733
4488
4156
3381
5240
4056
5662
4633
4627
5948
4157
3294
4856
5992
4874
3977
3204
4024
5310
5406
3239
5782
4518
5935
5621
5271
5771
4151
3268
4172
5745
3403
5206
5423
4286
4334
4730
5164
4752
4352
3449
5550
4775
5674
5265
5194
5764
5764
4597
5219
4696
4642
3984
5391
3242
4077
5460
5222
4516
3240
5039
3127
3538
5949
5990
4149
3684
3368
4373
3747
4417
4266
4873
4646
5287
3591
3829
3263
3650
4951
3969
4929
3754
4785
5988
4159
3097
4491
3271
5798
3716
4763
4394
5025
5675
3350
3110
5805
5550
4062
5992
3802
4098
4291
5204
4806
3864
5233
5432
5102
4963
3905
5265
5168
5302
4350
3256
5856
5516
4994
3387
4518
3947
3793
4898
4947
3077
5409
4369
5731
4677
4012
3249
5337
4679
3092
4287
3605
3221
4318
5828
4147
5643
3466
5102
5294
4813
4664
3078
4387
5202
4151
3230
5888
5201
3257
5848
3240
3886
4237
4540
4581
4401
3234
3327
5063
3618
4357
4154
3944
5871
5584
4586
3714
4763
4916
5041
3257
3002
3649
4662
3703
3009
3385
5875
4125
3921
3846
5466
5061
3564
3909
3409
3340
4692
4408
5556
5218
5236
5329
3883
5722
3516
3113
4397
3658
3928
5862
5821
3609
3384
5022
5606
5919
4689
5982
3637
3561
3991
4815
4501
3191
4846
4598
4981
4745
4647
3571
5862
4610
4462
3719
4506
5876
3482
3237
3536
4999
5422
3997
3255
5022
5292
4939
4179
4335
5808
5217
4617
4169
4605
5677
5890
5598
4372
5110
4246
3224
3383
4757
3316
4463
5809
3789
4634
3843
5664
3577
5001
4765
4749
3698
5103
4471
3751
4953
4191
4112
3046
4789
3796
5303
3714
4541
5943
4300
5125
4449
4945
3032
5716
3951
3828
3092
4409
5326
4934
3457
5282
5330
5788
3825
4327
3307
5942
3973
3199
4498
4082
3500
3969
5327
3282
5875
5126
4598
3931
4278
5647
4084
4236
5672
4962
4992
3801
5103
5579
5527
5485
3670
3808
3861
3761
3564
3601
4237
5327
3862
4758
3289
5316
5685
5879
4683
4727
3921
3147
4353
4531
4142
4020
4914
3908
3940
5519
4461
3675
4300
5691
4500
5027
3996
3505
3348
5442
5271
3470
3940
3942
3084
5170
4648
3235
5461
3392
5908
5954
4394
5303
3764
4352
3182
4188
4389
5458
3134
5502
3183
5510
4091
5925
3782
5073
3716
5704
3448
3383
5373
4088
4922
5230
3670
3896
5299
4188
4828
4189
5180
3614
4175
5923
4402
4398
3797
4646
4926
4498
3586
3098
3274
4899
5755
5263
5819
4347
3341
3565
5033
4455
4194
3590
3268
5959
3025
5255
3534
5255
3846
5083
3059
4567
5455
5309
4632
5501
3148
3034
3219
4164
5285
5841
4214
4519
4092
3435
5853
4802
3901
3614
4464
4459
5757
4956
3355
4684
3633
5584
3612
5977
4766
5681
4042
5271
5510
3988
3338
5055
5575
5143
4988
4463
3288
5231
4579
3551
3446
5002
3569
5584
5641
3263
3639
4490
3965
5901
3518
4416
4614
4352
5566
4686
3492
3185
5124
3340
3809
5373
4887
4565
5760
3971
4555
4926
4331
3589
3084
4437
5681
4702
5633
3338
5146
3852
3421
5020
3504
3226
4638
4997
3596
4654
4128
3169
3436
3250
5219
4071
5718
4850
5309
5788
3063
5964
3606
4853
4753
5613
3049
3003
5244
3641
5283
5876
4754
4693
4304
4706
4523
5075
3043
3603
4863
4869
3804
3396
4896
4240
5739
5572
5720
5631
3405
4183
5326
5659
3546
3041
4534
5080
5981
5374
5801
4872
5010
3609
4945
5051
5760
4041
4128
5400
4899
3178
5998
3566
4191
4154
4885
3143
4363
4577
5246
4187
3994
5244
5450
4906
3253
5693
5652
5891
3414
3485
3949
4284
3258
5030
5590
5410
5068
4663
3494
4395
5683
4953
4081
4072
5029
5243
4203
4052
5837
5283
3138
5563
3931
4306
5507
3315
3557
3622
5329
4072
5771
3007
4072
3758
5361
3906
3218
4640
3458
5828
3856
5130
4808
3934
5045
5073
4795
3489
4680
4048
5035
4303
3386
3384
3065
4398
3637
3434
4982
3553
4270
4433
5139
4315
3735
4804
4200
4815
3442
3232
3257
3891
4934
5050
4554
3640
3731
4632
3494
3720
4505
3685
3814
3128
4215
4518
5084
5899
3497
5213
5631
5438
5350
3526
3249
3000
5173
5970
3789
3284
3884
5372
5545
5364
4397
5077
4118
5425
4014
4197
5284
3706
4928
5840
3670
3641
5259
4859
4841
3100
3215
3711
3862
4242
4592
3696
4853
3807
5155
5285
3038
3178
4157
5360
4696
4105
5552
4868
3469
5809
4322
4886
5786
5811
5270
5080
3189
5500
3129
4849
3074
3918
4694
3261
4022
4632
4732
4494
5387
3478
4973
3928
5423
3610
4443
5061
4231
3254
4504
3520
4461
4638
5867
3932
4000
3722
3034
3518
5922
5425
4224
5211
4742
3328
3751
4301
4454
5034
4331
4062
3974
4065
3338
3770
3632
4998
5153
3970
5315
3198
4039
5446
3100
5850
4855
3458
5275
4841
4307
3606
3851
3432
5907
4841
3357
4927
5240
4018
5617
5929
3155
5900
3266
5990
5353
4342
5624
3071
5662
5901
5577
4164
5805
3617
5551
4137
4142
4763
3398
5948
3341
4720
5589
5970
4222
5861
5122
4245
4718
3204
4463
3060
3904
4980
5340
4011
4942
5006
3638
5117
5761
3197
5614
5690
3868
3080
3695
3768
5713
3326
3497
3929
4585
4089
5139
3131
5270
3069
5246
3554
5644
4404
4306
3075
5493
4495
3797
3419
3159
5076
5118
3527
5538
4607
5868
5807
5894
3822
5388
3554
3489
4547
4137
3492
3561
3959
3445
4457
4366
3743
5820
3606
5756
4810
5000
5472
3364
3196
4977
4628
4565
5351
3516
3185
3359
5178
5709
3412
3597
4856
4285
3662
3742
5911
3111
4333
3801
4584
3146
4918
4326
3409
3455
4574
4677
4410
4423
3836
3920
4975
5223
3841
4344
5975
5664
4531
4858
5843
3881
5799
4784
3394
4521
3432
5449
4421
3174
4914
3963
3544
5134
4794
5534
3472
3248
5366
3350
4706
3476
5186
5413
3825
4529
4358
3095
5884
4624
5564
4406
5903
5383
5327
5860
5632
5612
5652
3541
3740
5439
3620
3595
4689
4071
3480
3391
4146
4390
5483
3031
5728
5748
5838
5313
4518
5914
3771
3362
3582
4177
4452
5498
4646
5399
4462
4300
4155
5388
3424
5834
5682
5745
3545
3460
5326
5006
3013
5424
4400
4852
4468
4744
4270
3972
4346
3365
3223
5719
3251
4964
3948
5627
4421
5121
5523
3352
3259
5906
3120
3042
4340
5691
3431
5590
3183
5012
5275
4157
3793
4496
4327
5254
4002
4398
5316
4442
4844
5076
3084
4236
5641
3666
3652
4696
4776
5757
3822
3589
5951
4088
3284
4034
3826
3969
4800
3683
4701
5254
3831
5160
3054
3302
4980
5016
5471
3375
3992
4447
3479
3460
4303
3529
4446
5236
4422
5084
5277
3244
5015
3489
4813
3862
5195
5549
4562
5338
3142
4345
4856
4467
3430
4057
4533
5704
4411
5206
3570
3141
4527
3058
4978
5587
4274
5496
3958
3334
4782
5671
4538
3922
4191
5770
4125
4745
3102
5818
5163
4362
3187
3629
5653
3708
5719
5805
5756
3074
3779
4968
5667
4706
4665
3725
4078
3080
3671
3503
4344
5948
3700
4283
3971
4149
3117
5216
5356
3545
3900
5364
3796
4806
5058
3495
5245
4274
4909
4559
4234
5149
4022
4263
3931
4708
5915
3354
4056
4393
3270
5925
4573
5192
3510
3014
4772
3501
5437
4607
3917
5119
3405
4781
5869
4581
4715
3541
5628
4562
4476
5485
4122
4837
3240
3500
3030
4264
4265
5603
5802
5947
3674
3030
3288
3017
4663
4127
3644
4582
5913
4666
5961
4634
3641
3166
3689
4576
5527
5624
4207
5424
4691
3196
5711
4661
5071
3938
3127
4432
5647
5947
4172
3604
3723
5174
4448
4920
4794
4495
4623
5826
4117
5545
5077
5238
5689
4159
4605
5844
5630
3680
3930
4900
5902
5570
3198
3265
4990
5205
3908
3120
3176
3586
4495
4120
4002
4830
5992
4496
3010
5237
3365
4732
5869
4697
3220
5979
4841
4588
3545
4323
4022
3368
4837
3526
3823
4475
5019
4163
3478
4125
5076
3654
4551
4317
3040
3937
5611
5691
3947
5541
5299
5738
3703
3663
4616
3657
4640
4927
4236
4234
4894
3158
5622
4891
3850
3779
3484
3435
4081
4033
3387
3838
3851
4209
3682
5716
3403
4908
3504
3504
4296
5129
5229
3856
4872
3862
3563
5325
5336
5011
4737
5206
4380
5380
3007
5730
3182
4330
3242
3981
5306
5914
5490
3517
3668
5161
5308
4423
4721
5617
5760
3728
5975
3980
3765
5339
5269
5048
5615
3040
5338
5882
5240
5908
3307
5503
4404
5375
5312
5087
3804
5479
4649
4049
4079
3265
5606
4861
4947
4021
3804
5227
4690
5359
3329
3968
5149
3735
4497
4558
4269
5505
4251
5197
3515
6000
4111
4559
4940
3060
4317
4592
5107
5634
3725
5430
5888
4487
4230
5571
3527
4722
4131
5610
3736
5773
5097
4440
4571
3296
5153
3333
4575
4856
5448
3440
4984
4807
4988
4252
4575
5760
4222
3674
4744
3351
4681
4721
3224
5698
4377
4930
4844
4954
3298
4975
3470
5395
5178
5440
4498
5245
4423
5678
3639
3626
5412
3621
3848
4151
5190
4098
4221
4535
3116
5358
4300
4046
3968
5657
5907
3992
5304
4196
5336
4429
5614
4136
5040
4601
3568
5511
4623
4390
5737
3695
3778
3218
5363
4834
3745
4358
4558
3949
5483
4582
3765
4054
5696
3700
4154
4595
5367
5752
3390
5721
3049
4076
3627
4206
3601
3896
3364
3380
4390
3151
5340
5400
3548
5466
5407
4949
5529
3010
3315
4454
3890
4079
5142
5731
5462
5724
4454
4002
5913
3109
4891
3327
5056
5324
4192
4658
5843
3227
4963
5234
4552
3416
3799
5793
5475
5086
3738
4811
3683
3682
3763
3165
5662
3926
5835
4879
4509
3494
5626
4241
4679
5706
4348
5756
5342
4284
4957
5338
4103
3886
5090
3819
5324
3190
4943
3383
3961
5617
5846
3632
4847
3020
3645
4951
3455
3057
3015
5224
4111
3815
3825
5023
4310
3968
3803
4102
3151
5085
3173
4983
4950
3291
4834
4380
3638
5523
5720
5931
5869
3391
4939
5178
3091
3720
3350
3924
4160
4486
5137
5199
5122
3977
5783
3667
4033
3060
3914
3828
5006
5511
5824
5068
3165
5714
3052
4217
4576
5117
3995
4372
5046
4714
5764
4802
3768
5137
3860
4441
4153
3291
3839
3217
3104
3694
3858
3643
4725
4303
3987
5291
5788
3496
3122
5488
3883
3041
5631
3901
4875
3650
5708
3725
5740
4329
5295
4119
4050
4440
3667
4251
5087
4788
4453
3358
5409
5943
3183
5246
5092
4741
3253
3449
3062
4305
5291
4482
5847
5187
4824
5252
5707
3423
4993
5322
5933
5096
4297
3345
4853
5883
5942
5208
3595
4915
4570
3150
4673
3562
3011
4680
5180
3607
5187
3064
4086
5020
4236
4246
4864
3777
4863
4345
3012
5813
4196
4835
5023
5451
5194
3508
4017
5236
3305
5668
4574
3725
5220
5711
5446
3043
5887
4840
4817
5881
4464
5951
4260
3289
5573
3097
4321
5850
3019
4613
4835
3963
5705
3186
5522
5188
5831
4556
3507
4008
3136
4875
3218
5326
3833
3583
3449
5887
4260
4672
5446
5985
4024
3594
5588
3632
5024
5399
3827
4052
4943
5155
5502
4026
3622
5941
3911
4456
3428
3827
4007
3342
3940
3348
4287
3689
4990
3088
4700
3197
3650
4081
3002
3171
5527
5830
4756
4186
5009
3557
3859
3802
4988
3428
4531
3157
3604
4762
5546
5600
4732
3554
4821
4815
4693
5152
5804
5812
5683
3082
5254
5186
4128
3187
3663
4013
4680
5375
4467
3113
4686
3863
5867
5773
5767
5937
3494
5409
3649
3521
4012
5891
5249
5892
3442
5319
4484
4309
4947
5787
3906
5073
5295
5086
4089
5429
4831
4342
5755
5809
4059
5697
5062
3907
5573
5868
3079
3937
5463
3387
5460
5315
3706
5489
3470
5568
4894
3077
4109
3532
5354
3581
5073
5274
3260
3572
4134
5192
5842
4818
3670
5127
5441
5677
4897
5196
3093
3252
5317
5749
5319
5456
4398
3373
5567
4516
3929
3846
5338
5961
5133
5976
5780
4378
5114
5592
4325
4051
5457
3118
3725
4225
5020
5596
5054
3655
3535
5343
3490
3817
4212
4314
4767
3667
4718
3500
5456
3952
3260
3103
4498
5124
4719
4687
4851
5154
4065
3956
5352
5153
3790
3644
5165
5633
3402
5873
4506
3630
5215
3318
4432
4317
4721
4111
4460
4282
5110
4459
5548
5836
3395
4285
5493
3960
5806
5760
5376
5040
5206
3196
4343
5801
4923
3592
3527
4656
4373
4501
3172
4264
3074
4861
3272
4840
5555
4744
5123
5297
5209
5699
4527
3959
3288
4311
4792
5005
3092
5730
5683
5692
5703
3420
5388
3051
5256
3696
4688
4832
5028
5977
4948
4772
5460
5755
4537
3755
5056
3515
3597
5099
5037
3333
3497
3885
5577
5946
5637
3242
3669
4952
3488
4127
4741
4654
4749
4147
5200
4389
3621
3271
3176
5640
3550
3997
5694
4209
4482
5387
3629
3568
3114
3182
3186
3229
5722
3852
3207
4005
4321
5775
3124
5149
4698
4584
4578
3305
3531
4363
3048
3281
3603
5797
3291
4318
3661
4171
3011
4041
5056
5169
4501
4448
4013
3393
4645
3426
5953
5896
4689
5032
4107
3890
4286
5189
3313
4249
5857
3208
4281
4428
5890
3659
3654
5055
4123
5534
4358
3488
3429
4721
3145
3418
5586
4931
4171
4699
5017
3270
3697
5686
4336
5142
5400
3556
3719
5052
3386
3297
3704
3230
3577
5679
4994
5507
3725
5323
4744
5808
5193
3153
5700
3666
5995
5415
4331
4076
3231
4793
4500
5556
4611
4443
4078
3402
3849
3136
5311
4520
4980
4679
3267
3497
5652
5149
4147
3901
3598
3489
4723
4831
5182
5678
3568
5687
5954
3878
4395
3995
3512
3270
4054
4576
5345
3947
4289
4188
5049
5521
4660
5733
4533
4492
5201
3620
4571
3994
3347
5068
5957
4101
4844
5933
5193
4785
3315
4466
5586
4198
4754
3096
5926
3105
3662
5744
3387
3278
5396
5241
3022
3739
3551
5839
3142
3318
4137
5364
4841
4150
5653
3122
5026
5565
3199
3966
4706
5339
4567
3321
4262
3850
5878
4068
3391
5246
3639
3515
3545
5860
3590
3350
3983
3190
4922
4636
3650
4132
4047
5872
5525
5481
3754
5570
5893
4262
4908
3066
5590
5455
3090
4380
3265
4893
5434
4946
4819
4298
3504
3052
4644
5424
4578
5848
3488
5621
4689
5994
5170
3566
4617
4933
5418
5261
4786
3370
4213
3935
5790
5140
3103
4167
5464
5128
5242
3011
5685
3141
3950
4401
5074
5496
3356
3587
3534
4711
3392
4465
4465
4177
4441
5045
3117
3116
3891
3352
3639
5394
4739
5996
3016
5711
5687
4554
3034
3923
5273
4152
3407
4187
3903
5148
5740
4264
3532
4088
5614
3479
4447
3311
5103
3585
3069
3998
4337
3621
3360
3742
3939
3410
4730
3473
3526
5039
5302
3931
5127
4064
3872
5757
4887
3783
5727
4848
3022
3357
5129
5751
5612
4105
5549
5283
4950
5592
3564
3987
4668
5441
5763
5950
5530
4032
3122
4564
3962
4176
5080
3809
4237
3604
4366
4552
5847
4715
3231
4836
4143
3025
4842
3667
4891
3400
3811
4215
4384
4875
4005
3719
5629
4336
3456
5375
5896
5845
4170
3272
5819
3833
3085
3498
3932
3019
3460
4573
3985
4665
4214
5890
4651
3544
3174
3926
3116
3518
3412
4147
5021
4259
4218
3759
4625
5028
5441
4069
4085
4480
4683
4690
5099
5921
3719
5643
3663
4160
3113
5329
3931
4987
4615
4497
5712
5759
5200
3649
4877
5131
4233
5346
4606
5150
3158
5944
4534
4599
3297
5514
4164
5843
4324
5651
5924
3084
3921
5689
4073
4315
4056
5106
5325
5774
3874
3857
3754
4794
5745
4711
4819
4990
3302
3732
5078
4848
4814
5615
3960
3508
4851
5486
5397
4185
3764
3003
3558
3605
3307
4983
3378
3625
4271
4534
4296
4769
5375
4143
3554
4516
5526
4928
3409
5363
5074
4893
3716
5837
5988
5029
5601
3244
3013
3796
3092
4473
5702
4987
4286
4449
4779
4979
3552
4776
3599
3770
5821
5768
5530
3971
3742
5260
5736
5229
3085
4759
3985
4070
5472
3451
4237
3476
5823
3939
3364
5369
5499
3218
5885
5082
4396
3941
5202
4175
3006
3998
4863
3662
4428
3276
3882
4839
5168
5524
4922
4339
5917
5703
4630
5884
3351
4968
4321
5549
4181
4566
3218
5486
3877
5245
4408
3935
3834
3856
5944
4971
3756
4768
5601
4074
4996
3794
3569
3826
3040
5754
3179
4501
5824
5961
4889
3042
4064
5404
5576
5691
3752
3476
3585
3961
4922
3327
4285
3567
4896
5795
4470
3476
3023
5023
4400
3673
3917
3148
3045
5276
3411
4359
4245
3354
4111
4333
5235
3231
5355
4640
5264
4816
4407
5496
3725
5780
3267
5003
3165
4597
4560
5667
4910
5329
5810
5518
3297
5148
3447
4445
4029
3031
5011
4177
3998
3788
5247
5832
3610
5179
4319
3338
4760
3426
4232
5363
5550
5582
4953
4513
5465
3400
3697
3763
3551
5632
5324
3806
3628
4455
5630
3047
5720
4461
3776
4307
5993
4056
5228
4108
5558
3718
4162
5620
3976
4848
5334
5991
4043
3770
3638
4563
3503
3061
5762
4965
5632
4427
5149
3791
5218
3749
4440
3130
4251
3150
4468
4857
4169
4140
5306
5549
5710
3049
4763
3243
5145
4656
5624
3871
4931
5670
5364
5276
3545
5134
4665
4796
4702
3097
4450
4665
5556
5763
5591
5353
4524
5384
5277
4695
3582
5388
5168
5160
3068
4784
5804
4469
5280
5094
4514
3205
3202
4243
5372
3906
3975
4530
4398
4359
5653
3314
3489
4806
5894
5657
3990
4775
3084
4703
4194
4571
5742
4122
3082
4287
4524
4945
5082
5513
4657
3663
5340
5181
4853
4488
3528
5020
3342
4049
5642
4085
3200
5860
3728
4994
5544
4720
3316
3596
3983
5048
3258
3888
3107
4798
5923
3176
4291
5939
4537
5755
5513
3271
3638
5489
3981
3660
5999
5205
3728
4210
4041
3220
3426
4174
3020
3367
5148
5432
5172
5092
5486
5250
3960
5530
3710
5105
3050
4732
4823
4647
5267
4416
5976
3181
5962
5220
5417
4806
4812
5331
4451
4586
5216
4467
4004
5224
5133
3027
4516
5429
3908
3529
3951
3643
3192
5834
4474
3709
5520
3209
5733
4984
3379
4397
3433
5157
3846
3558
4869
5077
5087
5006
3329
5924
4563
3951
5453
5128
5097
3467
5869
3644
3403
4331
5222
5660
3566
4761
3615
5225
5726
5820
3273
5865
3102
4747
3175
5575
3179
5715
3313
3354
5172
3183
5882
5374
3237
5598
5923
3865
3429
4151
4262
4384
4084
4501
4287
3406
4818
3153
3899
3391
3057
4750
5660
5800
5272
3767
3833
4497
3029
4442
4717
3248
3218
5939
4846
3796
5625
3052
3588
3249
4601
5794
4509
4397
5103
4461
5014
5219
4788
5951
4263
4907
4465
4566
3651
3144
4321
5952
4887
4254
3605
4309
4329
5380
3254
3301
5854
3935
3002
4350
3834
5835
4528
3853
4749
4356
4826
3382
5359
3297
3188
3944
3922
4427
3733
3464
4256
4954
4823
5511
4318
4766
5885
5931
3976
3587
4758
3391
4370
4607
3996
5615
5475
5863
3810
5644
3051
4256
5828
5066
5562
3011
3913
3678
4483
4928
3386
4168
4224
3779
5723
5635
5109
4408
4842
5697
5816
5127
4450
4493
4521
5885
4995
3987
4068
5117
3851
4391
4337
4525
4595
3244
3085
5996
3471
5909
5651
5219
5530
5447
5272
5936
4854
3706
5838
3049
3319
3973
5923
5917
4290
4993
3588
5827
5684
3512
3299
4845
5587
4518
5197
4772
5783
3309
3737
5681
4231
4714
5348
4178
5596
4747
3705
5695
3982
4792
4810
4246
3929
3226
4925
3981
5875
5659
4406
3370
3539
5243
5833
5020
3980
3523
4135
4477
4421
5516
3924
5521
3381
4251
3114
3962
5688
3938
5496
3278
5912
4626
3366
4811
5086
5851
4309
4811
3297
5045
4289
5882
4664
3284
5173
3121
3399
5133
5736
3707
3912
5428
4937
4846
5387
4744
3772
4618
4199
4740
4648
4777
3048
5461
3880
5194
4570
3874
4345
3982
5736
5345
4417
3177
5469
3568
3618
5992
3202
4466
3911
4124
5180
4022
5992
3133
5572
3620
5157
3804
5364
5819
3429
4630
5799
3116
4313
5942
5455
3178
4025
4516
4272
3770
4591
4874
5050
4865
3182
5903
3076
4147
3416
4060
3246
3274
4566
3553
3295
4478
3086
4996
5528
5205
3467
5906
5783
3628
4975
4549
4060
4235
3495
4098
5194
5412
5960
5772
3947
4520
4394
3975
5858
3045
4475
5294
4694
4952
3820
4951
3433
3846
4488
4164
5485
3977
3713
4744
4136
3672
3223
5817
5837
4127
3759
5212
5779
5195
4751
4086
4886
3699
5959
3424
3184
5527
3178
5517
3807
5607
4001
5596
5666
5983
5999
5033
5359
3105
4018
3859
5228
5919
4107
4967
5248
5571
4788
5668
5455
3415
3629
3699
3146
3394
3878
3567
5752
5990
3201
4398
5741
5181
3928
3507
4101
3671
4664
4465
5046
3966
4680
3025
3105
3652
4764
3106
4610
4174
5372
5669
4931
3218
3193
5065
3556
4807
5777
5160
3604
5157
5623
4240
4170
4860
5756
3252
4477
5217
5285
3101
5477
4296
3680
4758
4014
4995
4744
5949
5226
3174
5090
4506
5835
3494
4087
3105
3686
3444
4219
4591
4991
4677
5432
3349
5218
3337
4154
4079
5853
4204
3956
3958
3044
4228
5308
3189
4371
4033
3915
5691
5521
3784
3400
4237
4851
4741
5451
4571
3747
5834
4530
5054
5841
3776
5307
5496
3660
5664
4164
4116
4727
4335
4872
4295
5589
5172
5443
5012
5262
3631
3823
5728
5037
3933
5226
3745
4611
5605
5267
5962
3635
4990
5451
3030
3918
5677
4855
5205
5580
4076
3285
5060
3086
4410
4570
3640
4977
3501
3969
4979
4399
4924
3936
5112
5638
5090
4986
4646
3588
4145
4845
4005
5503
5612
5733
3684
4255
4076
5506
3033
5981
4127
5198
3573
4956
5315
3450
5897
5001
4307
3802
4215
4922
4190
4936
4168
5363
3732
4416
5791
4685
4506
4583
4809
5851
4821
5904
5903
3225
3823
3160
4722
3543
5811
5872
3301
4099
5827
4039
5965
4423
3798
4587
3890
4811
5538
4985
5109
4244
5165
3645
3010
4825
3676
5901
5065
4249
3078
4581
5208
5137
5610
5870
3560
3041
3181
4140
3607
5489
4945
3374
4174
3172
3109
5583
3427
4866
3957
4158
4895
3456
4215
5415
5309
5644
4561
5410
5637
4698
3088
5809
5411
4006
4245
5759
5037
5230
5407
3522
5262
4635
3473
4171
4077
4975
5621
4478
3002
4314
3386
4603
3968
5396
3040
3760
4814
5200
4043
3159
5301
5067
3911
4940
3030
5216
3338
3854
5521
3752
3523
5286
5045
5443
3891
4998
3555
3302
4631
3627
3684
5118
5061
4506
3691
4978
3147
3621
4216
5440
4843
3929
5178
3159
4785
5613
4651
4262
5954
3573
5824
5195
5122
4240
3667
5053
5386
4547
3813
3329
3338
4470
4552
5389
5342
3846
4938
3118
5474
3643
3195
3934
3585
3712
5392
5843
5669
3813
5816
4984
3946
3399
5628
4458
4229
5954
4016
4475
5887
3744
3743
4944
5982
3383
3252
4448
5072
5322
3939
3343
3132
4458
5197
4506
5589
3831
3358
3102
5622
4978
5707
4131
5547
5243
4133
4108
4049
4684
3483
4200
4783
4651
5362
5879
4430
3514
5583
5803
5593
3951
4274
4009
4523
5123
3046
3018
5427
3558
3088
3445
5495
5634
4186
4248
5151
3525
5485
3776
4907
5692
4333
3116
4444
3609
5247
4722
4811
3028
4971
3860
5495
4139
3313
5684
3547
3951
5842
3180
5980
5605
5526
5285
3707
4109
3192
5740
3470
5759
3937
3603
5001
5443
5363
4064
4552
3788
5243
5656
3438
5549
5187
4736
4599
5516
5242
5948
4158
4821
3707
4139
3500
4574
3593
5525
5612
4178
5775
4352
4789
5470
3294
3071
3317
5447
4510
4652
3273
5264
5733
3774
5153
3314
4986
5325
4665
3146
4949
5831
4919
4364
5428
5289
3795
3853
4260
3975
3421
4469
4140
4710
3707
5269
3636
5673
4024
3374
4721
3204
3487
4301
3561
5009
4022
4653
3946
3206
5669
3673
4399
4012
3935
3966
3542
5628
5232
5887
3009
5085
3607
3514
3678
3460
4408
3024
3068
3252
5414
3790
4419
4066
5017
3963
3590
3094
4772
3444
5791
3015
5557
3033
5650
4263
4982
3995
4078
3320
4730
4067
5615
4566
3890
4469
4355
4693
5788
5212
4833
3725
4369
5899
4752
3945
5503
4514
3551
4758
4883
4715
3546
5598
5622
5230
4691
3039
3376
3994
5919
3719
4792
3055
3652
3854
4291
4319
3502
5217
4177
5164
5900
5341
3289
5463
5259
5601
3772
3554
5461
4010
4585
4116
5412
4790
3831
4243
4824
5635
4600
4260
3388
5307
4900
4434
5827
3592
4470
4461
5842
5683
4296
3783
3119
5342
4349
4165
5847
5785
3491
5893
3902
5484
3119
3635
4730
3997
3047
5592
4909
4603
4316
4643
4653
5234
3715
4211
3930
3892
3993
5620
5686
4946
3598
5739
3570
5229
5790
4350
3033
4044
4340
4262
3165
4795
3979
5728
5274
3584
3739
4800
3462
4949
3978
5113
5250
5958
4917
3260
4121
4250
4502
4637
5198
5375
5904
4539
5225
3670
5509
5023
4970
3943
3635
5627
5846
3358
4264
5828
4137
4921
4336
4081
3715
3452
4309
3701
3626
5905
4744
5223
4620
5773
5105
5816
3903
4101
3444
5802
5486
3721
4336
5007
3124
3704
5971
4069
3192
5320
5490
5766
3182
5010
5676
3462
3458
3592
3286
5852
3741
4757
4836
3769
5202
3186
3492
4224
5860
4601
3833
3357
4790
4146
3737
3676
4810
5127
5893
5629
4735
5417
5573
5609
3778
3372
3149
5343
4551
5807
5797
3853
3290
5593
5790
3594
5596
4599
5232
4656
4052
4442
3176
3278
4111
4078
3484
3993
3489
4887
5922
4139
3431
4144
5615
4802
5193
5401
3617
3524
4080
5137
3781
3267
5119
3145
3129
3286
5245
3003
5075
3912
5693
5153
4409
3887
4111
3138
3230
3152
4724
5492
5887
3378
4390
5480
4970
4529
5488
5160
3521
3912
5237
4350
5950
4521
3218
4022
4251
5586
4321
5702
3985
4014
4375
5905
5709
3700
5113
4465
5153
4757
3261
4822
5306
5997
3172
3120
4077
3901
4172
3760
4599
3324
3331
3250
4750
4588
3413
3590
3242
4651
3093
3408
3208
5678
4787
5369
5590
4421
4587
4727
5735
3573
4414
4060
3015
3515
5601
5269
4522
5043
4389
4155
5596
4994
3204
5394
3908
3271
5435
4556
4430
3746
5044
4416
3456
4035
3363
3945
5693
5173
4496
3471
4442
3560
5431
4646
4270
5856
3674
4831
3903
4212
4768
5806
3088
4311
4096
3690
4465
5434
3148
5428
4550
3847
3019
5405
5150
4357
3146
4137
3603
5424
3128
4991
4599
5285
3984
3732
5754
5008
4536
4689
5448
3872
4845
4813
3854
4530
5997
5622
5851
4345
4361
4028
5586
4614
4802
5693
5167
4414
3436
5057
3308
3041
4425
5479
3921
5546
3390
3082
3860
3903
4698
3114
5636
4663
5711
3958
3335
4978
4312
5793
4920
3888
4067
3129
4207
3201
5025
4775
4155
4315
3185
5374
5622
5391
3311
4546
4614
4643
3992
3141
5581
4125
5687
5081
3551
5495
4663
3932
4035
4031
3398
3244
3072
4302
3392
5664
3649
5751
3495
4792
5305
5213
5470
4046
4123
5643
5549
5954
3861
3934
4372
3936
3891
5802
3909
3628
4815
3871
4427
4953
3214
3547
4214
5650
4527
4089
3153
4424
4655
3322
5163
3624
4593
5727
3895
4648
5608
5442
5435
4648
5402
4067
5584
3633
5838
4599
5351
3085
3240
5395
3217
5210
3011
3129
4052
5519
5276
4726
4275
3310
5029
5158
4464
3023
3228
4426
4777
5937
3245
3110
3259
4319
3141
4980
5885
5093
4042
5452
5148
4764
3785
5052
3334
4739
3679
4630
5028
4196
5633
5811
3768
5907
4781
3634
5951
3424
4029
4210
3574
3103
3661
3556
5952
5516
5326
4597
3676
3944
3785
3313
4245
5965
5108
3966
5164
5627
4181
4188
3559
4546
5370
5689
5045
5726
5039
3226
5556
5041
3996
5827
3090
4270
4295
3505
5794
3720
5397
5810
5843
4124
3963
3330
5176
4605
5690
3432
5136
5040
5553
3241
5445
5763
3027
4034
3896
4847
5284
5139
5044
4312
4462
5445
5433
5306
3407
5621
5549
5566
4792
5601
5605
5615
3525
4878
5839
4421
4258
4071
3678
4501
3711
3696
3831
3794
4741
3955
4909
4693
4922
4253
3596
5425
4439
4733
5981
4652
3518
3454
3453
5685
3526
3064
5645
4440
5185
5246
4298
5715
3310
3413
3147
5210
4067
4311
3323
5848
3752
3493
4688
5478
3341
4823
4059
4015
3817
3867
4970
5024
3759
5318
3375
3574
4531
3243
3155
5248
4919
5831
5908
4433
3663
5464
3171
5350
3624
4009
5249
3995
3696
4226
5854
5006
3156
3357
4671
3077
4071
3638
5438
4891
3071
4130
5465
5326
3150
3279
5504
3795
4257
5052
4189
4087
3401
5031
5360
5585
4605
5509
3705
3117
3592
3900
3196
5013
3299
4220
4497
5335
3887
3523
4682
5000
3549
5077
4500
3144
4540
4365
5916
3452
5823
4812
3001
5061
4995
3602
4170
4422
5289
4408
3358
3092
5868
4268
4947
4205
5445
5488
3438
5928
5133
5250
3641
4146
3199
4118
5623
5413
5973
5938
3363
3755
3372
5966
4819
5231
4639
4565
5440
4440
3055
5282
4335
4124
3148
5941
4177
5953
4433
3491
3162
5704
5320
3520
4292
3218
4156
4939
4747
4706
3284
3830
4410
5441
3103
4668
4333
4378
5924
3769
5796
4426
3983
5477
4434
4396
4498
3772
5742
4433
4318
4039
3930
4977
4445
3664
3483
5256
3535
3043
4049
4249
4552
5270
5725
4741
3968
5309
3068
4591
5579
5499
4294
4953
3525
4523
3484
4429
5543
4111
5533
5507
3852
3892
3945
3662
5979
5797
4473
4377
3013
5458
4793
5323
5846
4808
3667
5230
5695
4761
5286
4225
3741
4521
4842
4318
3341
3614
5744
5190
5647
5192
4992
5225
5349
3412
4969
3382
5109
4551
4361
3000
3978
3060
5486
3029
3398
4760
5521
5910
4059
3663
4551
5865
5703
5541
3804
4331
5081
5759
3433
5130
3359
5404
4849
4624
3476
3506
4449
5399
4530
5165
3888
3397
3045
5814
3251
5282
5798
3546
3988
5240
3038
3169
3836
5993
5570
3507
4276
4660
3573
5425
4949
5320
4383
5919
3544
3333
3300
4204
4629
4982
5336
3115
4572
5959
5064
3112
4320
3483
3307
4804
5493
4164
5216
5754
3547
4612
5796
3659
5715
3269
5214
3816
5969
3628
4252
4657
5646
5683
4921
3555
4755
3302
4556
5360
3922
5357
3447
3025
3049
3495
5160
3752
4666
4599
3919
4232
4663
4911
5728
5564
3126
4255
4752
3763
3964
4684
5420
5619
3831
4672
3153
4454
4830
5582
3099
3154
3454
4292
4683
4477
5806
4169
4405
3200
3596
4743
3895
3446
4353
3066
4297
5204
4688
3764
3867
3117
4019
4360
3022
3941
5109
4686
5797
4013
4962
5455
3856
4338
4495
4244
4489
5291
3606
5164
5798
5736
3016
5655
4693
5531
4978
3469
3737
5586
3544
3168
3435
4888
3219
5248
4054
3834
3947
5751
5216
3599
3244
5828
3902
4568
3937
4312
5982
5024
4984
3371
4542
4209
5986
3960
5307
5214
3849
5987
5748
3682
3240
5836
5447
5506
5265
4812
4707
3470
4120
5847
4046
5357
4530
4345
4114
3730
4791
4360
5861
3740
5792
4656
3440
5346
5374
4131
4658
5584
5214
3159
5340
4221
5178
5304
3007
3942
4192
5071
5899
5704
4340
5196
4548
5385
4752
3738
4682
5968
3240
5755
3886
3394
4620
4763
4566
4775
5227
5865
5384
5023
5068
4564
5601
5802
4325
5361
5099
3869
5246
5043
4273
5676
3606
3124
4765
5959
4569
4559
4482
4977
5029
5874
3710
3126
3442
4488
4993
5830
5996
4417
4345
3179
3988
5588
5666
3817
5248
5066
5171
4241
3756
3512
3830
3162
3591
5422
3764
3335
4605
3447
3224
3165
3242
5401
4246
4482
5742
5728
4047
4402
5124
3784
5840
5390
5002
4370
3499
3241
3763
4841
3373
5055
5020
5934
5264
4768
4702
3947
3612
3182
4862
5745
4334
4991
4519
4764
3820
5956
4326
3030
5274
5505
4715
5032
3680
5236
3032
4429
5256
5752
5694
3351
4387
5657
4073
5468
4519
3138
3611
4248
5139
3534
5760
4356
4713
5887
5027
5514
5081
5721
3120
3784
5661
4603
3417
4818
5597
5033
4138
5913
5386
4390
4964
5028
3345
3805
5200
3091
3326
4445
5894
3033
4084
5036
5409
4390
3099
5976
4874
5760
5410
4461
5466
4796
4162
3918
3668
3078
5058
5059
4827
4216
4396
5283
4624
5941
5197
5969
3997
3313
5865
4468
5251
4139
5068
3610
5429
5990
5896
5146
4073
3437
5460
3962
4836
3323
3780
4287
3172
4800
5330
3231
5829
5329
5434
5648
5230
3200
4539
4577
4029
4533
3785
4429
3216
5232
4185
4485
5766
5218
3001
4807
3516
4880
5640
5235
5398
4247
5270
3425
5258
4306
5077
4014
5132
5112
5569
3480
5161
4969
5981
3901
5547
4565
4631
3461
5266
3286
4761
3454
3890
3187
5882
5870
5069
5130
3182
4182
4080
3799
4304
3209
3570
3591
4737
4816
4815
4438
3721
3982
5919
4592
3055
4258
4250
3448
3773
4807
3328
3657
4940
5301
5782
5144
4860
4983
5848
3827
4010
3539
4151
3793
4624
5585
3021
5918
5178
4707
5554
3310
4884
5978
5137
3034
3117
4039
5728
5786
3621
4348
4895
4548
5000
5949
3054
5819
3073
5577
3900
5398
5617
3396
4982
4138
4256
3758
5673
5335
5161
3520
5239
3327
3198
3043
4435
3512
5284
4423
3441
5488
3934
3532
3801
3833
5923
5896
4520
3921
5232
5108
4487
5609
4773
5970
5823
4983
3816
5956
3738
3907
4427
4808
4574
4733
4031
4930
5458
3710
5466
3269
4215
4293
4571
4097
5695
3533
4697
3230
5744
5884
5570
3487
3689
3035
3624
5153
3141
4180
5272
4374
5846
3061
4596
5740
4104
3338
4884
5517
3265
5972
3685
4035
3023
4278
3675
3630
3284
5408
4580
3268
4944
5087
5871
5084
3535
3940
5185
5202
3739
5965
3430
3324
3377
3500
5400
5268
5951
4968
4828
4343
5909
5399
3183
3189
3090
5511
3928
4968
3201
3862
3035
4851
4835
5819
5186
4534
3567
5090
5975
3041
3618
5579
4373
3094
3536
4330
3821
4977
3021
5959
4054
4008
3248
3914
4433
3074
4186
3300
4085
4363
4141
5328
3554
3749
5592
5326
3784
3031
5758
3286
5312
4731
4822
4629
4312
4288
3277
5150
5434
3832
3419
4684
3498
3443
4351
3797
3649
4548
5125
5279
4117
3946
5839
5670
5453
5219
3005
3799
5920
5674
4974
4671
4425
4021
5500
3431
3888
4143
4071
4941
4919
4669
3588
4729
4462
5634
3461
4114
4818
5290
3256
4615
4523
4154
3323
3932
4007
3014
4359
4603
3041
5597
4041
3748
4504
4452
3487
3238
4746
5920
4102
4008
5454
5365
5813
3629
3369
3973
4757
3790
4900
5052
3075
5408
4841
3469
5521
5189
3882
3070
4674
4724
4517
3793
4945
5725
3974
3323
3211
4658
3870
4924
4920
5841
3637
5860
3833
4589
3313
5524
5855
5595
5609
3079
3574
3005
5771
4448
3917
4262
5740
3773
5365
4609
4442
5147
3405
3747
3576
4655
4610
3312
3395
4673
3757
4584
4469
5564
4233
4246
3663
4788
5750
4106
4635
3927
3053
4625
4858
4627
3577
3761
4837
3365
3583
4109
3063
5262
4738
3305
4893
3876
4734
4932
3072
3380
5236
5285
3179
4623
5306
5877
4917
3655
3212
4623
3135
5097
5196
5975
3164
5088
4255
5070
3377
4311
5400
4680
4241
5781
4195
3993
4798
4159
3272
5169
5532
5110
3637
5693
4863
5562
5418
5127
3328
5347
5767
3929
4419
5935
4725
5623
3321
4271
3672
3031
5180
3088
4436
4243
4811
5617
3996
5728
4809
4127
5985
4235
5675
3153
4144
4417
4591
5929
4579
4400
4925
4351
3038
4451
5361
4723
5401
5619
5972
4421
4116
4832
3959
5510
4535
5359
4891
5384
4438
5651
3260
5602
4000
3357
5695
3432
4118
4115
4621
5327
5402
4671
5323
3749
5174
5764
3662
4878
3142
4952
4105
4445
3767
4472
5815
4105
5917
5979
4787
3229
4961
3677
3104
3850
4678
5960
5193
5434
5013
5710
4631
5201
5441
4816
5078
3514
3970
4248
5004
5218
4441
5619
5034
4129
3211
4130
5794
3837
3862
5469
5805
3688
4987
4201
3972
4329
3738
4156
3524
3569
3451
5889
5185
4799
4405
3887
4156
5188
4164
5650
5809
5630
3973
3876
3993
4235
3582
5938
3122
5029
5989
5311
5774
3579
3646
4860
3584
5868
5241
4660
4188
5408
4090
4719
5610
3395
3961
3543
3836
5875
5806
5368
3838
5164
3580
5087
4239
4111
4721
4040
3675
5622
3505
5224
5368
3933
4456
5311
3801
3112
5203
3038
5186
4179
3649
4769
5651
4628
3232
4931
3502
5582
4216
3065
4380
3974
5825
4623
5618
3213
3278
5648
3835
5147
5389
5199
3506
4450
3100
3939
3355
4046
3423
3079
4836
5165
3259
5560
5595
5411
3132
3971
4728
5062
4303
5320
3095
4440
5200
4161
4614
3278
4598
4140
3245
5512
3361
3665
3093
3149
4960
3180
3644
4317
3823
4836
4666
4173
3732
4733
3768
5050
5605
5376
4942
5199
5403
3094
5191
4508
5552
4305
3727
5657
3095
3085
3355
3985
4523
4763
4618
4625
3691
3593
4363
3964
3381
4263
4045
5514
4633
5486
4820
3735
5112
3363
5441
3801
3553
3466
5640
5110
5091
5552
4860
3677
3401
3384
4900
4346
3011
3600
5243
4562
4962
5590
3724
3666
4218
3589
3509
4654
5736
5787
4975
3300
5666
3593
4199
5511
5466
4010
4859
5993
5311
5393
5429
3263
5056
3626
3931
5253
4421
4942
4276
4634
4105
3789
3820
4218
4078
5309
5133
4030
5790
4674
4176
5296
3841
4250
5709
3081
3109
3423
5066
3908
3368
5779
3278
3783
5024
3393
3130
3951
4451
4628
3050
3980
3391
3034
3522
4438
3253
5679
5038
3843
3196
3409
5195
3054
3501
3992
3950
5344
4267
4989
3967
5567
3768
5801
4619
5788
5649
4967
3086
3286
3778
3644
5152
5121
5329
4986
3347
5312
4380
4230
3178
4236
5741
4198
3962
5170
5382
4012
5059
5262
3393
5887
5650
3813
4967
3731
3258
3157
3009
5671
5579
3830
4273
4437
4149
4790
5180
4297
3459
3628
5993
3963
3907
5001
5032
4099
5138
4335
4116
5077
4351
5842
4485
3108
3134
3138
4031
5209
5955
4952
5140
5099
3416
5692
4383
5896
4009
4251
4064
3475
4861
4287
3663
5055
3729
4917
3011
5980
4273
3805
3368
4020
3652
5114
4270
5172
5860
3393
5108
5344
4424
4381
3052
4923
5119
3468
4359
5535
5446
4029
5619
4890
3534
5340
5664
5044
4341
3883
5817
5525
4656
5850
5767
3435
4882
3527
5907
4795
4992
4652
5275
5008
3362
5290
5182
5304
5536
5158
5131
4795
3438
3903
4722
3208
3170
3205
4708
4839
4436
3092
5016
3529
5619
3332
3151
4903
4065
4608
3712
3590
3622
4322
5218
5387
3932
5330
3093
4290
3574
4348
3455
3810
3750
5503
4631
5816
5786
5947
3821
5812
5957
4265
3342
4822
3688
3886
4068
3989
3617
3397
3038
3832
4713
4046
5589
3974
3625
5312
5281
3389
5832
4677
4054
3617
4355
3513
4838
5882
5533
4487
4965
5695
4114
3389
4280
3859
3791
3205
5079
3895
3322
4300
3113
5824
4803
5296
3071
4524
3301
5540
4055
4443
3888
4969
4090
5671
5466
5759
5056
5127
5450
3820
5555
5662
4904
5281
5281
5291
4618
4555
5496
5636
3351
4075
3665
5041
5231
5109
3117
3458
4322
4125
4933
3471
5666
5627
5022
3105
5602
3752
5918
3093
4676
5182
4379
3281
3826
5714
4345
4429
3571
5190
3672
5688
3623
3177
5927
5591
4686
5130
4499
5363
4755
3759
4140
3750
3466
3769
3681
4010
4825
3941
4500
3693
5316
3790
4390
3473
5400
5525
5993
3214
3133
3685
4677
3518
3865
3756
3879
5043
5265
5139
3264
4484
4598
5867
4475
5447
5854
3603
5782
5785
5453
4488
4791
5893
5288
3742
3565
5656
3102
4181
5174
5158
4462
3452
3010
4301
3331
5228
5853
4820
4020
5220
5223
5280
5704
5479
5006
4311
5993
3193
5746
4848
5711
4325
5146
5032
5794
3972
4393
4402
5309
3449
4844
4609
5210
4194
5429
4299
5174
5090
3630
3681
3891
3570
3441
3246
5524
3225
3096
5880
4237
5390
5938
3260
5718
4560
5474
4565
5909
4468
5463
3373
4570
5538
3577
3960
3875
5218
3386
4861
5859
5106
5496
4971
5906
3510
5491
5691
4446
5916
3359
3854
3816
4193
5078
5764
4367
5578
5910
3400
4771
3082
4483
3288
4105
5273
4778
5216
3429
5083
5201
5774
5000
3792
5469
3268
5248
5153
3105
5580
5925
5519
5783
3824
4137
4735
4521
4430
4841
5940
4330
4884
4737
4704
5584
5382
4371
5711
4098
3556
5437
4352
5827
3523
4631
5719
3861
5539
4652
5238
4913
5495
5760
4731
4850
4612
3692
4301
4765
5786
3231
4460
5893
4090
5026
3146
3521
4492
5120
3421
3533
3610
4541
5887
5005
3008
3799
5293
5934
5225
3215
3841
4585
4944
4914
5819
5590
3631
4443
5368
4012
5393
4598
4375
4520
4503
3150
4180
3489
4354
5357
5123
5324
3123
3581
3657
4207
3351
5105
4483
3565
5480
3274
4665
4641
3097
4702
5185
5549
5871
4659
4654
4283
5064
4580
3810
4669
5965
5756
4877
5986
4975
3963
3076
5111
5724
4045
4413
5937
4436
5582
5077
5937
4615
4442
4009
3221
4233
5263
5310
4698
4624
5317
3113
4459
4898
3693
5099
3828
4377
3303
3031
5083
5909
4200
5846
5935
5179
5729
3345
3170
4251
4418
5351
4737
3332
5736
4043
4614
4389
5199
4418
3685
3753
4223
3499
4233
4751
4236
5424
5160
3800
5577
5793
4582
5544
5201
4497
3023
5662
5050
4543
3121
5176
4573
4709
5316
3982
3420
3647
3298
3167
3979
5710
3143
4550
3939
3049
4312
5054
5247
4011
4095
3581
5266
4777
3509
4048
3085
4215
5945
5073
4412
5457
5407
5403
3923
3389
4106
3197
4166
4399
4144
5432
3410
4327
3289
5841
5358
5013
3449
5723
5311
3020
4363
3884
4842
3427
5621
5094
4802
4184
3651
3055
5771
3111
4150
4447
4142
3175
3085
5933
4309
3810
4996
5318
4846
3303
5618
3619
3200
4798
3929
5793
3052
3307
3986
4815
5771
5939
3746
3395
4504
5371
4794
3273
5320
4539
3150
5166
4695
5454
4083
4394
3382
4251
3283
4312
4309
4890
3805
4595
4107
5596
4895
4352
3127
5369
4813
4843
4919
3514
3709
3414
5644
4458
3625
4017
5933
3263
3608
4240
5123
3414
3096
5422
5909
3721
4630
3639
5392
4875
3171
4748
5981
5219
5641
5371
4086
3179
4103
3188
4167
3484
3933
3798
3061
5766
5598
3506
4742
3293
4418
4564
4193
3176
4993
3864
5900
4584
3766
3090
3401
5175
3479
5682
5529
5539
4334
3310
3669
5542
4686
3361
3118
5395
3053
5687
3142
4800
3277
5134
4064
3999
4468
3833
3364
5834
3426
4198
3488
5634
5984
4083
4813
3636
3736
5526
5924
4819
4767
3808
3428
4742
3915
4015
4465
5372
4179
3412
3626
3206
4608
5539
3822
3783
4984
4334
5651
5309
4877
3293
4855
3725
5874
5058
4682
4343
4739
4116
4619
4427
4476
5096
4475
4806
5258
3874
4721
4923
3837
4658
5142
4637
5086
3766
5439
3819
5593
5698
3506
4026
5362
4280
4727
4520
5552
3129
4457
4503
5782
3011
5974
5967
5105
5792
3735
5255
4938
3769
5848
5058
4502
4279
4696
3950
3412
3791
4231
4323
3861
4155
3880
3335
3150
3311
5082
3300
3196
5041
4516
3023
5789
5093
3735
4867
3732
3914
3196
3476
5630
4392
4135
5779
3583
3441
5459
5673
5279
5447
3920
5896
4051
5738
3727
5796
4430
3367
3923
5039
5161
5083
3115
4582
4973
5056
5694
5314
5772
3125
3816
4478
5727
4097
4300
3755
5422
3424
4085
4508
5756
4379
4141
5650
4700
4293
3259
5558
5927
3528
5912
5996
5181
3671
4773
4305
3020
5347
3776
3998
5802
4437
5988
3744
3984
4056
4897
5494
5462
3549
4464
3152
3901
3641
5374
4978
4654
3915
4810
4883
4516
4458
5550
4772
5771
4538
5738
5938
5246
5311
3671
5415
4242
5429
5489
3839
4040
4029
3724
5713
5492
5295
4542
4973
5069
5290
5966
5090
4802
4649
4674
4578
4385
3178
5311
4317
5233
5737
5718
5245
4855
3460
4538
4182
5547
5159
5989
5594
5942
3917
5154
3755
5749
5397
4752
3039
4341
3236
4550
4220
4050
5448
4595
3469
3737
3195
4137
5043
5259
4423
4764
4657
4947
5809
5752
4711
4083
4526
4136
3751
4590
4723
4559
4602
5501
5969
3230
5128
3458
5934
5816
5102
5877
4251
3410
4190
5516
5108
4327
3990
5570
3297
5967
3872
5737
5152
4414
3299
4057
3941
4139
4387
4528
4534
3896
3447
3842
4800
4899
3257
5880
5873
4461
4251
5681
3002
5438
3570
4418
4593
5106
5270
3977
5256
5440
5834
4425
5966
5164
5205
5229
4155
3680
4836
4210
5602
3362
3615
5826
4095
4937
3165
5087
3029
4830
4329
4201
3803
3532
5636
5616
4308
3531
4038
4888
3962
3714
5945
3810
4055
3913
4101
4525
5805
5811
5505
3328
3784
3445
4076
5591
5325
3294
3435
5326
3582
3784
3771
4356
5479
3613
3514
5298
4025
4256
3706
3024
3441
4509
5886
4881
4418
5591
5660
5060
5179
3394
3850
3554
4090
3956
5841
4982
3192
3785
5062
5390
3265
4886
3176
3537
5055
4210
4246
4320
4103
4959
4665
4870
3490
3438
4726
3868
3424
3772
3048
5743
4676
5411
3717
3507
5108
5847
3726
4723
3852
4865
4228
5618
5882
5710
4100
4201
5585
3665
3338
5668
5319
4751
3802
4164
5792
4523
5136
5807
5005
5044
3864
4005
3158
3975
4946
5054
5720
5162
3467
3852
4487
3406
3069
3031
4344
3230
4612
4870
3837
3372
4348
5031
5109
3082
3590
4276
4857
4416
3606
4604
5084
3353
5547
5494
5195
5035
5290
4397
3088
3604
3208
4213
5228
4490
3047
3369
4769
4362
4702
5093
3223
5732
4577
3665
5880
4986
5387
5260
3153
3864
3419
3174
4134
5951
4533
5105
3109
4901
5712
5239
4321
3357
5347
5222
3033
