218
202
347
1247
772
122
1280
714
1867
978
1455
1358
1838
469
1270
288
638
1634
429
1983
926
205
201
969
1796
161
186
238
578
364
1047
712
1480
581
865
1198
438
419
927
73
418
967
966
1353
1757
224
271
546
1028
300
944
232
479
1962
1465
222
69
898
1132
1271
319
777
885
765
1268
565
873
1482
955
434
1031
976
1099
1324
466
1071
1240
101
1177
985
812
1375
1406
743
1491
950
537
590
814
168
1564
164
1507
1442
1248
97
352
1746
319
445
1420
748
1494
925
1135
1830
769
1699
693
273
1035
1742
134
1870
1886
679
44
927
1366
1090
1946
818
1229
265
779
301
403
559
244
1028
509
1263
523
1881
547
1473
644
612
1223
1078
1148
1198
606
290
2000
687
109
1953
1731
1453
1181
169
291
939
505
376
1815
1747
1401
803
807
124
420
867
1559
1948
869
1411
350
782
1860
1444
1211
1491
1170
1461
1004
617
611
161
1944
1941
1130
778
1458
1806
1605
408
476
156
45
1406
1716
1785
170
976
136
1541
1580
1202
481
724
1346
565
620
1759
1649
285
481
86
472
512
108
1549
658
1866
608
327
103
170
160
1162
77
380
803
1640
1044
738
392
1877
744
23
136
1506
1463
67
165
62
1180
1629
1651
561
49
1308
437
1895
1291
375
515
1144
242
473
904
611
1977
1107
50
1704
88
1086
1600
869
667
1088
312
1415
132
119
493
1622
1918
305
1012
1840
1863
841
849
1021
1801
1080
1245
1637
1214
456
1672
548
1376
1958
1663
763
1958
1027
990
1471
14
1543
63
419
1064
1309
1604
386
1828
1772
1694
128
1262
1371
1904
1683
1222
1574
398
705
786
1213
1047
1472
880
1040
1724
1706
606
225
502
1671
639
1970
1129
354
744
1679
861
240
714
903
269
271
1282
1594
1487
618
1066
1916
1817
586
1229
206
572
1792
1628
1361
1641
650
1833
1499
1844
1860
688
1987
1905
14
549
635
1410
1811
235
715
325
133
539
1365
37
1303
9
328
1943
1074
1842
472
105
922
350
1230
789
139
502
1954
1269
1125
1234
443
1721
500
1603
1785
590
1604
311
854
1320
1886
1089
1249
1562
1350
285
1938
1238
387
1031
727
1979
784
1264
10
307
829
194
1946
1777
464
2
827
40
1843
1428
31
459
1307
348
1670
1355
1303
912
856
1400
1541
227
1597
232
1073
1500
1395
879
1453
1342
1571
1440
282
948
1990
1630
1150
1062
209
1487
1858
683
947
1292
360
919
1780
1184
1518
1909
815
512
1798
65
317
652
577
1819
1721
1530
111
813
1326
703
838
388
516
1032
877
1509
539
964
270
867
1843
1212
1600
40
1775
953
1412
556
1360
1212
1203
1113
1867
649
1142
1368
523
1670
973
1800
1696
215
1412
1817
1347
1339
842
1309
59
62
1439
526
1662
1943
182
834
907
824
1308
1261
64
391
1093
1680
1026
41
1636
498
318
1956
1541
1991
960
531
112
143
230
1907
1613
1706
1801
1056
1565
759
1728
229
997
1326
1202
409
940
546
1444
1565
1386
1279
1116
1671
1289
1190
136
387
386
1858
19
1569
346
312
252
110
1198
1656
1087
831
350
1377
794
1267
323
48
154
1258
1761
676
516
781
918
365
553
525
172
1232
1050
1666
1064
1800
1457
377
149
1234
1605
1657
1143
196
1437
609
552
118
1291
271
1219
1278
1325
619
223
16
1392
147
1746
1114
1264
1293
1817
1660
455
1060
592
6
1566
1250
195
665
1975
271
1842
1536
1355
1545
924
1451
566
522
698
136
1416
1168
992
1940
868
48
1695
1346
1693
132
1816
1213
255
872
1204
96
94
505
499
535
226
1849
1534
388
1466
141
1143
400
1601
1044
1836
1140
1795
983
496
1821
1132
463
445
154
1781
45
1890
328
1596
1010
1595
1854
1865
496
271
963
128
1817
848
31
623
865
1116
1648
1079
41
1066
74
1250
735
528
889
1872
650
1667
1973
695
1057
125
236
541
802
1684
251
819
1200
1805
1684
907
807
1710
1752
753
1390
1261
314
556
1489
1779
325
1445
1375
502
1343
1902
1528
1959
1117
358
1330
1269
1369
778
1645
71
696
122
1689
1399
1150
436
1050
1279
518
699
564
490
1786
179
1660
1045
660
1987
125
586
288
195
553
1369
318
1062
1659
35
375
668
1262
1561
1907
1375
761
98
1624
997
1623
572
1068
587
219
247
1144
1929
1952
1585
1000
1888
1635
247
1002
616
883
1000
1716
1309
1657
250
1072
76
444
427
55
811
1513
1189
1845
1057
481
1500
800
19
1617
924
1743
989
1233
126
339
846
1822
197
1048
1557
664
1859
272
963
1337
1025
303
120
469
1305
463
168
1724
1030
1766
1905
1703
986
37
383
1293
1152
591
1080
239
946
556
624
229
1623
193
1792
247
117
1888
1886
302
437
984
381
1396
1870
311
275
1731
1231
673
1370
1063
513
956
1114
291
190
770
995
784
1864
1634
682
706
936
330
1552
1488
887
1356
469
770
454
1979
231
653
1139
938
1842
382
1891
1155
127
849
827
1545
1301
391
759
1232
458
118
301
1512
1600
1329
423
132
1185
1996
1080
1162
927
217
1479
1414
265
1937
1977
1467
1947
1015
268
79
419
1843
639
1453
909
1461
1365
1716
1289
1133
1526
1922
904
928
1076
308
1192
737
531
848
1954
935
1767
96
827
1842
1367
467
1831
1279
1726
1320
442
1534
548
1994
865
903
1180
1102
522
1685
1888
964
467
768
432
317
1023
1788
1985
623
1973
206
748
1631
404
902
569
80
173
123
116
226
1290
1478
1105
1101
149
1887
206
1801
389
994
1176
1025
1751
1067
743
1334
249
174
1692
1453
742
55
1511
1047
149
1025
1321
1191
880
1903
55
1761
109
1504
1848
1484
1172
979
1487
1543
1258
707
911
315
856
1772
1876
1975
312
258
1301
913
1136
1491
1741
535
1519
1489
566
1474
1433
527
1465
934
1578
1445
1639
1424
1522
298
814
353
163
1564
1261
1303
1886
1133
1528
1378
662
211
988
958
726
1079
65
1040
611
1178
1738
95
1017
328
231
14
263
1765
43
141
1441
972
168
1606
1509
33
156
433
268
1728
806
354
1409
1324
683
1883
1194
424
43
422
637
580
1759
268
1803
1812
1372
91
1339
567
445
848
870
709
711
760
281
1988
257
111
609
1779
1594
782
391
150
1199
332
1966
1083
1578
1254
712
1070
1089
1888
1131
413
1996
402
1405
1259
896
1703
1376
711
786
1983
1528
1921
1199
1564
1469
577
847
185
1829
1050
1768
1654
1237
291
1710
369
543
945
1403
306
679
965
1800
1211
360
1649
1713
107
430
1503
1066
1835
745
1331
1398
660
908
1900
503
494
1161
183
235
751
418
1990
874
589
1582
506
287
1048
293
761
1119
435
280
731
1580
771
88
353
625
697
455
868
1901
1507
502
1223
964
1767
176
370
658
1133
1587
782
297
1969
1553
1646
1088
629
531
764
1450
1402
1978
1619
30
413
1132
943
880
1057
1251
908
1189
1907
689
149
485
824
1900
682
340
1369
1097
310
1181
1216
1987
1643
412
1737
1429
1350
1234
406
41
991
1707
1661
206
260
439
1357
1698
378
1165
445
535
1583
933
1028
1556
475
400
521
793
1190
1023
901
1688
574
1653
1795
273
1644
1584
630
848
1374
79
1397
1655
128
1956
873
224
465
1375
1157
67
476
266
100
1795
453
603
45
795
1281
898
860
1494
1975
843
614
546
1033
1589
7
1081
871
1324
1820
665
324
1845
1334
1283
484
153
361
293
625
388
688
34
514
356
335
1427
541
1101
1798
1669
1286
112
966
655
1084
768
1951
239
236
1108
270
1137
992
1840
112
1447
1773
966
1367
954
1923
1731
1168
44
445
1620
1728
1781
814
587
1925
1445
99
1075
113
1576
1536
1199
1342
1937
907
1724
1915
273
1162
1094
924
1198
346
1679
1292
1958
1027
664
710
88
1299
1454
1413
1050
1795
1495
413
379
237
658
1286
1158
611
1932
1572
1740
1984
3
961
1270
163
1308
523
1544
1087
39
1615
1163
1327
1638
447
120
479
1315
1794
434
95
1792
818
1460
1888
1128
1418
88
1843
171
673
1918
803
1927
1378
1379
896
613
877
1990
277
1864
729
1104
6
1944
436
1073
1532
789
892
191
142
1280
1470
306
347
940
1656
1814
1513
957
710
1198
175
1033
928
1653
872
721
582
648
1152
1384
967
88
228
669
79
771
1831
1715
1416
1872
1388
781
235
1823
631
766
781
219
641
1737
1775
1468
1843
1561
1900
595
1878
144
432
518
1989
1487
935
170
1110
1584
102
1571
1014
796
1557
880
1090
423
613
1144
1814
1506
134
644
1313
1060
46
1404
137
861
938
1684
304
717
312
349
1943
506
1080
592
1841
1010
653
1504
497
1589
1341
1068
1255
1571
1116
936
1395
1444
913
483
752
1985
169
516
116
283
1689
973
1248
35
836
570
127
589
64
945
1109
638
1480
436
1952
82
1710
1935
701
178
1721
306
1715
1450
251
675
1358
1159
1588
716
567
370
1367
265
155
1479
599
1179
1964
1342
314
1675
864
1128
1161
1881
1729
73
194
1609
1994
70
684
500
1392
1318
844
458
1783
284
821
1672
1416
785
1050
1265
570
794
792
1770
755
1527
1781
1585
1063
1399
243
1904
164
752
1669
1486
1976
148
1457
1685
149
625
1244
1529
1880
440
132
1256
103
559
187
1144
1950
1523
221
731
1318
166
297
1821
651
440
1551
1308
1462
893
898
771
1080
50
1728
1980
928
1154
1324
1200
386
787
628
413
1294
600
1749
292
1620
1509
994
532
1482
1160
1388
36
1732
1543
1309
1172
269
1343
1968
1274
409
999
25
546
12
610
171
402
637
404
1894
483
1673
684
1485
982
1730
179
704
328
11
607
1113
1325
1250
390
1726
1930
1058
134
483
929
1967
1065
1706
642
986
900
1558
814
997
729
1956
1537
994
1556
1096
1507
43
1624
392
452
917
1592
769
679
526
578
1164
1549
1564
624
93
274
1756
798
1509
1674
1716
105
539
24
670
769
1367
1953
792
1315
415
1039
813
232
65
1306
860
1049
1297
410
232
1716
1043
361
1997
238
795
221
312
89
555
718
1283
1161
24
1513
1318
50
1033
1558
821
1680
1092
435
1576
1892
1714
42
564
1941
347
591
431
1925
1482
784
1533
594
1046
610
161
225
716
1912
1709
1406
270
1553
809
1648
611
101
1121
129
976
655
1705
718
723
195
1336
646
703
323
124
1119
1472
781
849
998
1270
235
1529
566
296
1886
542
1824
177
1118
625
1906
1979
1222
167
1779
1283
818
797
97
713
21
475
1521
1218
751
693
110
382
1657
153
1736
1935
1870
1280
1852
1263
1477
1768
296
782
1091
1279
43
1957
955
458
1249
1113
279
1847
1599
449
462
1112
786
1894
820
454
1603
735
1874
1503
934
1467
1699
895
1915
622
1887
1395
1573
1510
523
654
1868
965
1117
373
1171
749
378
1845
766
1652
1957
1312
103
243
1680
165
983
1108
133
698
1911
549
803
1403
634
224
1734
183
1338
184
1844
911
1282
860
543
1736
1386
620
863
1838
805
1416
430
1887
424
1738
1613
1590
445
931
683
1869
885
1088
245
136
365
986
456
1417
821
1424
1646
831
1099
1629
1928
1164
1902
1050
1189
381
297
247
1681
1450
939
637
1191
609
447
573
1049
1079
819
1607
688
1179
146
794
1725
1965
877
1906
1542
1621
1690
1677
1985
1827
75
814
1106
901
1925
674
1015
760
338
62
1433
1012
15
993
296
1833
394
943
435
876
1825
262
158
23
1683
829
1398
1991
11
189
835
1733
571
24
1646
456
733
1889
940
1075
1442
1851
1085
1883
463
1253
1738
1945
960
398
631
1018
1203
1086
177
1804
1425
1571
1254
1581
1587
1783
1299
251
460
467
386
512
1831
383
1982
872
559
1926
1538
1427
1773
1479
838
641
260
1543
1565
490
1383
215
298
834
1594
357
327
1798
849
551
1163
569
730
668
365
1157
684
197
1516
1272
942
592
104
1627
1661
612
689
717
297
598
542
811
197
1632
86
677
1905
89
1772
863
1015
921
315
1186
1772
817
1742
1672
1751
169
985
159
602
1226
853
1493
1583
1098
1537
70
709
1489
1917
198
995
1109
1945
759
1187
1907
1856
607
1138
1
1906
1496
1855
280
894
1342
685
737
234
1294
1749
115
170
1123
202
1274
1225
1334
647
1540
945
1594
340
689
1296
1700
1708
1610
1189
1477
481
536
737
1854
1931
627
1217
258
193
71
15
876
75
146
132
1158
323
686
1592
614
186
1009
718
1417
554
113
1455
1614
843
267
1192
1483
1383
941
1462
306
1539
1955
576
1696
210
886
1012
679
1356
811
1393
1006
186
762
1863
1394
1582
546
538
921
985
1206
363
1298
1124
1201
1867
1032
686
1338
523
1337
1410
521
808
548
928
1925
1847
1431
1535
869
988
1601
264
1925
1142
1899
1482
1013
1749
581
1994
1158
1980
748
888
564
1181
1899
1461
1416
223
1202
14
186
1161
982
1175
1000
752
146
195
1089
682
823
1881
1356
11
746
639
158
882
1211
340
1367
1584
113
58
24
1120
1245
324
684
1831
175
331
1519
958
1752
1912
890
440
911
92
1082
1408
1834
1284
422
261
458
1265
1116
1425
1392
283
866
592
1543
30
1896
1820
41
231
1910
1455
135
1817
1487
1534
332
458
425
1845
1934
1486
913
1071
1431
1529
105
1859
799
410
548
170
1211
101
51
496
512
1331
1852
448
257
179
1569
1666
1958
788
1276
840
688
1792
885
80
635
1180
406
1866
199
730
946
585
1111
488
773
1308
307
621
1464
1035
888
1585
162
1105
1751
176
685
650
1769
1801
572
1244
1712
1037
1249
610
1162
1563
237
729
697
968
1091
1038
1924
222
1220
1587
59
423
1349
145
673
740
364
1395
1811
1713
1980
397
911
1558
288
1573
1484
553
1544
1118
958
1927
1845
734
325
1925
818
1060
1271
1983
561
109
1730
1404
159
983
365
557
506
1454
1162
1793
1492
1330
27
75
1252
624
364
406
1068
891
697
774
1704
1811
989
1584
325
1716
925
509
1890
1540
979
1423
718
63
529
1436
351
273
597
1285
600
687
848
533
869
1112
1281
1337
1420
1671
1901
1220
1277
1830
412
1709
41
448
228
635
290
520
1188
506
324
1065
406
1748
385
354
814
1156
1921
154
527
1851
1024
18
1245
1007
1648
173
1272
87
701
1404
1228
570
1554
83
182
884
129
173
647
496
1454
425
1534
807
279
1341
1691
285
1169
1602
265
1140
1602
681
1949
1209
995
1089
1888
1541
1326
1580
885
1884
1287
442
1683
1276
22
411
366
1686
476
595
1019
313
799
554
1286
682
538
997
558
886
721
781
209
1576
450
1531
1630
814
1995
181
967
145
630
39
75
917
1225
1989
806
422
799
908
1541
1418
783
337
1433
72
287
1981
1191
1309
1693
453
1872
1326
654
1013
1941
1820
565
60
152
1725
297
1435
154
597
856
263
1260
1640
694
1312
1670
466
1823
1323
1027
405
1125
572
1137
1463
370
240
1486
827
1555
815
1764
920
385
1963
1976
1244
316
1525
1202
1786
1128
1088
1535
940
1299
66
827
729
1188
1165
89
1181
379
1445
869
1563
919
783
286
758
1068
1023
270
1042
381
1174
1850
216
1822
498
379
1370
1087
772
1079
1530
140
1496
1770
950
1680
956
561
295
279
1985
865
341
218
1077
1903
1235
1048
1890
277
64
917
1191
593
177
83
1297
1021
1449
99
1514
1446
1824
623
1754
937
1676
1710
1978
954
62
1332
1005
194
1216
1577
253
1260
1969
1109
1535
1567
1339
1766
1109
454
703
1770
1109
1467
1041
339
1673
407
1944
1106
1657
344
562
1152
917
901
302
551
1069
439
746
552
793
1247
28
1106
552
999
683
1599
50
1933
1108
508
615
216
1171
396
194
510
22
1051
1122
1638
1915
1657
186
998
1562
345
617
1557
1100
1926
1854
1709
377
60
446
467
1738
1132
1088
1704
625
1146
420
217
315
1816
1569
1450
319
1931
622
1379
1418
1948
1892
472
1486
368
1171
1140
1179
1795
1687
1476
623
550
1865
1891
772
454
646
1245
253
1160
980
1516
222
1999
110
896
286
519
1934
1772
991
421
729
1682
665
354
1995
1278
1369
77
1536
1942
1983
1158
515
1857
270
1747
1773
1451
451
67
1665
1523
1340
1922
1811
1420
269
1709
1265
382
1594
1942
1532
1603
368
631
1681
1424
712
765
575
1275
1685
532
1548
1353
133
260
329
1868
197
1180
538
1215
995
1022
1234
1534
1296
1951
105
950
1754
318
293
95
339
1927
1099
930
1789
447
308
1526
1336
1289
1220
1544
1110
682
1206
190
1923
1393
1344
116
1071
1978
1577
672
494
830
1175
480
1304
1346
1214
1239
970
1239
1549
997
880
1703
11
1850
1537
1938
1465
1177
844
218
1526
766
1016
680
225
1000
526
392
1396
1799
1350
841
1011
896
1185
509
1201
1042
828
1435
1874
1333
1760
1086
839
51
1036
1737
1483
910
1863
1130
940
273
1997
1725
219
875
1546
675
511
184
1965
973
453
556
991
1065
1784
810
455
733
651
147
726
607
80
522
1888
1286
709
878
486
1952
1120
182
323
1053
974
757
661
1851
1093
506
275
1765
1445
1157
1149
1376
386
1941
618
965
1871
776
85
97
1850
646
737
1050
315
672
1060
1695
1448
1341
572
1194
599
538
820
187
1928
989
1602
836
1574
257
1127
774
806
611
1731
1632
1770
510
729
369
1110
902
193
613
43
1520
52
817
1992
1989
1342
331
326
809
326
173
1251
1270
1573
1228
1332
824
412
188
77
1843
60
907
84
985
275
703
209
183
422
327
802
1596
1803
1982
1106
1863
603
1921
1661
1190
1109
330
375
540
532
712
1899
1055
1132
1049
1295
108
1225
1635
1967
708
221
689
147
1087
1786
317
558
1271
1073
20
1475
1205
379
10
903
1980
115
1000
1246
1474
1358
55
1887
1649
975
1110
652
1051
759
1549
1360
331
787
1887
531
508
1470
301
254
1285
184
673
685
1973
1496
1099
930
1542
653
782
326
1364
297
938
1664
1
1511
1840
694
34
1184
488
739
626
1189
655
1848
895
299
1936
1467
19
1777
255
728
264
1639
854
1143
1951
1715
670
1723
1112
643
35
1593
38
1214
1799
391
266
372
456
1152
1787
252
981
1808
106
1125
558
365
110
904
1171
342
1282
920
1547
1862
1677
1635
1614
1894
67
1400
830
1247
1534
924
698
1816
804
7
1474
327
589
1442
1890
670
442
1878
827
481
121
634
185
1785
934
1382
66
1783
581
1983
1334
558
910
830
881
130
1265
1162
1417
340
632
1784
1772
896
140
1649
1982
716
1396
521
847
307
1482
950
1020
696
34
431
1546
1583
754
667
1958
1408
271
247
122
1273
19
1495
1169
1925
1857
1547
1370
329
1754
919
2
803
1401
1940
1992
630
541
447
709
1348
1804
1877
760
154
1954
903
282
1610
501
161
1123
201
1580
1040
1488
1191
1406
926
1073
655
1734
1616
1517
108
1652
1575
1146
1004
1995
1810
1068
1723
992
1732
465
1975
1076
1981
1269
364
375
39
1375
797
1549
787
631
189
1741
871
1142
1018
633
67
1891
1880
120
1184
1030
1572
237
1228
1722
1006
663
1948
287
882
1241
1970
191
1704
695
1701
1009
1857
1026
335
1356
217
247
750
599
667
829
753
692
544
1144
1481
486
1471
1354
1763
232
1695
4
1603
629
1133
1298
272
543
1347
1891
1004
1451
680
331
841
615
905
252
583
1310
812
24
1025
527
563
1386
437
1510
1686
1736
1857
1215
511
364
280
973
1484
1535
1194
195
1060
1498
872
917
998
433
1477
395
886
222
307
340
75
979
653
1772
1951
622
834
1641
1243
1101
1002
1897
1563
212
464
1299
1726
1104
1285
948
1622
1509
898
1589
1000
1423
722
455
14
1867
299
890
745
1213
1897
528
602
227
1911
288
183
229
954
939
1312
1773
1755
1376
407
29
659
1168
791
1008
1779
30
1305
769
1972
981
1493
1055
625
1520
1531
270
707
651
1396
429
1322
387
1249
235
1443
912
435
664
554
1858
592
407
1468
963
196
1543
268
138
1995
995
1671
1140
1645
1665
1118
1973
1536
1532
697
192
867
95
1063
295
952
660
664
764
719
1081
1823
1585
1285
583
1589
747
1580
1170
1813
1983
1031
6
1272
22
770
1199
347
1724
416
1409
217
881
1418
25
1310
1248
1300
1492
765
465
5
778
606
424
692
83
1792
878
1288
1465
64
1735
1367
821
419
1863
1350
893
410
516
972
453
104
59
9
1011
1415
1509
1242
911
61
1472
352
1625
1317
1563
70
842
361
558
677
316
99
543
1015
1306
57
221
1585
1289
1117
85
1386
1500
534
1370
403
1873
1730
1232
393
1754
945
389
1750
1341
754
652
159
1613
1836
1054
1104
1111
549
1522
445
1151
1748
1532
978
1430
1039
811
1195
468
1893
1973
1892
1632
297
542
1070
745
1947
1937
1394
1386
1519
1091
1135
120
411
692
1681
1239
1362
1711
1475
1108
1198
1794
1592
245
49
1846
642
1367
950
504
1860
212
1035
527
816
1693
1966
1781
1002
381
1176
124
1620
839
1578
592
1322
102
1164
909
1497
1131
1502
880
18
349
1309
1447
1259
804
1688
957
1204
446
1345
911
232
769
812
866
100
43
1144
212
844
1154
988
1000
985
764
993
1601
1238
702
1711
722
712
1207
1053
321
1415
1975
1083
618
1505
48
1067
920
1757
1484
461
128
1340
505
573
1620
822
1059
1167
1328
1498
1347
1606
398
565
1955
355
761
603
702
963
223
892
924
775
661
633
947
1247
553
353
1903
1076
1278
1736
323
213
712
995
1965
266
720
762
1581
632
1109
1714
370
1975
1010
719
446
744
1061
1611
132
65
1394
205
137
590
1420
147
1398
1929
1712
68
556
329
856
1278
910
422
1351
462
309
1104
1536
667
1608
1790
1483
463
1214
576
165
136
1391
432
345
660
1407
1252
17
1556
42
903
378
893
1757
1271
600
936
1543
1149
1633
1740
1642
637
552
447
140
1674
1064
1014
197
356
952
1340
1832
1636
581
585
1206
361
720
1163
1722
5
1592
1318
1004
956
1440
422
107
1885
1529
1023
1539
896
1644
1688
1939
1336
1405
747
1508
336
225
1093
1594
1535
515
1418
1262
1195
508
1989
555
391
805
828
442
178
1872
1752
628
1152
1935
533
116
1911
426
480
228
20
1387
385
1228
391
629
2000
254
116
254
363
81
1598
140
1850
1409
1698
1752
1979
34
1734
100
1808
847
1436
625
1401
699
563
712
1769
867
568
1026
268
588
1523
1686
1454
654
98
1077
1365
1288
1978
1445
800
276
1311
135
136
1011
264
1412
1641
1498
264
1508
1312
1172
312
938
1937
1126
1459
1437
896
960
1969
592
356
1680
1278
1602
692
1916
1794
2
1543
776
1499
193
1801
625
446
821
1453
1979
1510
860
210
1017
275
1491
1885
1521
231
1718
1928
1616
44
1923
846
1016
314
27
1613
1442
1371
1083
1200
733
1741
1013
1825
1879
1195
349
18
839
1530
1102
1045
1570
1167
1996
1113
87
1380
1404
109
19
259
1473
1936
67
1700
1523
491
286
303
88
559
1705
878
145
242
1066
939
1713
1062
1319
1891
311
1395
281
781
1436
1320
14
1786
1235
649
1455
1812
1955
987
1622
474
1413
1678
465
1347
441
1266
1620
913
1895
1556
1482
982
1013
1263
13
373
505
190
100
1833
539
625
1826
277
428
1618
465
258
1304
892
1118
26
303
1051
1230
1978
1062
1637
1340
1730
1079
1654
883
328
378
1261
178
956
1144
211
602
1608
1114
82
1785
1350
992
1240
249
1939
1319
359
1864
899
1301
1497
637
1936
715
1283
1624
4
1263
934
1266
472
1174
283
1174
287
1932
544
134
1426
694
1196
585
1851
1588
530
1762
1241
422
390
124
1004
552
595
45
1894
345
882
956
1572
31
1359
529
1040
308
930
56
1987
1565
543
1953
1157
1525
1498
1176
1177
865
841
1407
1240
713
1660
692
19
281
880
204
637
1776
689
9
346
788
1679
1119
524
63
565
1796
492
1944
453
1285
1398
1559
1529
1137
294
148
1889
1081
268
1317
500
849
1692
729
1842
278
819
1084
904
487
198
1346
543
1440
1083
986
470
43
1829
731
459
516
33
828
1653
54
1647
1448
120
369
1059
445
1742
909
769
280
1216
1039
474
1667
1889
499
1244
1191
158
1609
1657
840
1640
1601
801
1992
591
1768
68
219
529
1238
1253
433
1999
1901
390
510
1150
500
710
1930
1757
412
115
1892
1094
1932
976
312
1869
1662
1122
1405
1156
759
1007
1869
37
922
1206
1956
1740
889
254
162
11
814
1214
887
1100
1701
174
853
820
701
472
1410
1947
1726
14
1782
921
1952
58
1479
750
1310
1636
133
1457
1248
755
13
452
890
891
1830
528
438
1767
1153
1176
281
715
549
76
139
750
913
228
623
1646
1547
216
1375
1123
881
283
1510
1396
1868
626
1954
1613
1673
1126
1153
981
1537
1500
984
1921
1831
737
1374
1695
1183
1
825
148
1167
1338
309
184
712
884
263
408
895
1178
1336
1363
201
288
1343
378
323
1968
1456
1156
70
238
1514
848
1079
140
1778
1494
27
1288
1477
870
1857
1410
1862
1700
1840
613
1358
1489
1613
582
1518
258
1869
147
482
1439
1222
335
1955
1776
1690
586
54
165
819
1554
1814
1137
1300
133
39
1300
1354
407
1728
889
1180
15
1265
1322
1356
374
290
1820
671
1435
625
278
199
948
1590
144
1104
1211
615
759
1668
372
573
1849
973
1232
644
548
649
1437
809
1186
742
25
919
312
1837
331
239
773
398
1128
536
1144
1509
1218
676
1258
1079
868
840
531
1054
563
1803
152
581
1388
1009
263
282
513
56
429
260
728
298
1921
1974
436
688
1601
1528
587
274
506
1131
778
1112
701
1212
867
366
1237
684
681
841
1799
1457
1723
1441
1404
1180
141
108
556
1922
1442
641
417
1498
22
441
1300
348
625
174
848
1744
712
1420
68
319
886
1026
590
1414
908
230
1259
322
1795
1719
1940
1358
146
1675
1272
731
1563
695
1652
1398
90
1619
1014
695
1866
1965
1442
1754
370
643
91
1484
250
583
528
1688
1152
1250
1807
1254
1533
961
1988
578
300
1044
198
1728
1648
1669
1935
1257
389
1260
1834
381
1993
1013
1866
1447
787
1292
1276
153
1028
1828
1712
333
721
124
205
1625
1777
9
1438
1202
1055
1477
1540
640
1654
619
1801
1053
1915
376
1274
1927
1555
502
1508
37
1840
1483
742
511
1402
5
334
1330
134
1053
508
34
1944
1332
680
1676
1105
77
180
1060
652
50
1844
1750
518
928
572
1995
222
1146
281
637
704
1420
1325
1313
1873
1699
1862
41
1205
433
1928
1220
1600
34
14
161
961
277
1491
1405
638
1635
306
1187
1634
1960
661
1405
1304
878
1734
751
144
1434
429
120
407
939
1824
1366
1154
407
1668
1966
1727
597
385
1078
16
605
1371
1922
1858
175
141
795
1305
1074
647
147
1228
739
1523
223
580
453
175
1804
589
1829
1970
1659
1960
1202
308
805
1730
1646
443
1091
228
786
125
260
468
1453
1571
12
1266
1796
105
964
1808
730
436
814
605
1281
222
543
1001
909
716
892
60
478
1177
1239
1039
1865
721
1764
1295
1360
1682
642
243
5
1078
1935
1053
316
743
1701
1753
735
1847
570
452
843
600
714
71
1729
131
1719
1618
1799
1795
382
62
373
1355
1776
1385
1656
1746
1914
814
1634
974
1115
327
1480
897
134
1313
496
378
1620
1248
601
1727
1394
597
716
1599
1522
838
276
138
1792
1244
914
1664
1489
836
1521
564
933
1290
960
1597
214
440
856
1934
290
19
1835
1526
104
321
245
1121
1779
1080
1016
856
411
424
1514
1491
37
256
1445
1354
1459
72
133
1126
1904
796
1812
1146
1987
201
169
1536
399
1458
190
199
724
328
1614
1130
184
456
287
771
1064
407
116
910
23
1464
1036
1653
478
1447
556
1612
165
757
687
1625
1461
321
47
341
749
1597
263
255
852
737
48
1644
474
1607
965
1798
355
1662
65
1686
262
1811
1253
1260
8
1361
1327
521
937
1934
767
244
865
396
1467
1988
835
1352
1010
1293
322
354
795
1470
1980
1002
1421
514
1172
605
1715
1004
602
1341
213
776
472
338
1564
1649
1470
1980
375
1632
514
130
1815
1683
1984
810
1669
1019
145
948
758
725
312
1612
240
1204
226
1789
840
1598
752
670
236
994
773
150
1499
426
834
18
48
1029
1320
383
404
668
835
6
1047
875
1771
902
1413
1091
419
193
1589
1133
1742
1376
1879
1087
218
173
1236
1654
244
1828
1373
698
27
1516
1280
68
659
948
1074
1537
1565
941
1312
967
674
1668
956
1011
1318
367
1961
905
385
1943
1255
156
1808
466
1645
1221
1469
1961
879
1989
1241
420
473
1633
748
1989
1889
1847
265
1968
1477
843
936
1670
405
584
111
1162
273
635
1943
753
309
1845
250
403
1230
72
1793
1726
925
258
442
836
39
1584
1419
325
1704
1967
1629
859
1977
1960
121
386
37
1349
1355
290
42
676
480
1465
1917
98
302
1431
1002
688
282
554
892
68
235
522
289
812
1648
614
416
1178
333
1203
109
91
336
1595
100
1472
447
1691
406
1109
388
1718
214
556
1795
1007
498
1527
912
1227
173
1559
1340
1615
404
1534
1654
943
397
1564
441
1559
1209
234
1420
824
1460
1582
893
78
1266
679
1496
1685
717
25
1254
945
1946
383
338
305
1759
395
1262
1814
1891
13
1644
519
1076
1218
803
1777
56
411
205
1161
473
1185
512
29
1091
983
1626
1023
1454
1526
1638
1721
1042
1826
46
1528
1680
1165
1808
1080
1502
1864
970
1837
16
728
376
1421
1731
493
604
1600
1973
1542
465
1730
24
1727
1138
134
990
767
235
1804
731
1454
391
325
1303
994
404
958
1608
246
120
1026
1123
1817
1728
954
584
685
1261
1266
474
1151
1550
1040
1497
1180
159
895
193
732
737
1232
1362
1756
1461
1958
1311
861
724
1708
57
1388
704
313
756
183
405
1327
1116
918
1226
277
870
1673
1442
218
1496
601
1559
1388
1556
1365
214
381
1547
1406
316
513
1108
773
1301
1210
641
60
1259
1242
1002
1296
1526
1567
1875
93
502
967
1819
31
232
1309
1516
1956
1002
905
1338
925
99
1830
1323
529
1867
840
1276
1388
573
984
526
1870
1685
1865
1001
429
95
327
1076
1106
1490
306
43
190
770
721
1564
851
1396
532
272
851
1379
1702
556
1539
1546
1605
835
955
1815
1134
1964
1426
1312
1009
1240
446
325
1338
1154
412
279
592
1816
1445
1799
901
560
74
1873
865
1539
248
1574
1393
587
188
721
1564
615
1736
1415
1604
861
103
7
1409
1408
128
263
1693
1903
1363
648
1641
906
442
1892
957
1792
374
1222
67
1259
954
315
1741
1886
1736
650
1274
398
1777
608
1645
1455
828
317
1284
1602
785
363
59
340
436
973
1611
1930
1339
436
344
1572
489
1945
494
613
214
42
1089
718
1567
1790
806
87
48
818
1023
640
129
1567
340
736
727
552
677
1411
88
14
1031
780
1176
722
1506
414
1558
1860
1167
857
784
1023
1865
1546
647
703
675
1396
1217
432
493
619
1310
800
1819
1324
787
703
1379
1632
1206
1778
1316
729
1012
1
1465
928
1219
1758
656
780
438
345
763
1032
259
993
1876
1978
1599
361
512
1217
1712
854
727
564
1948
199
679
1312
1247
1090
1631
1832
1766
418
1492
1114
1861
200
1815
382
1532
741
301
20
1908
502
743
485
87
1426
430
1722
1238
516
105
1133
172
1132
1449
227
1028
1833
364
1485
1415
488
1534
32
785
1788
217
537
1779
1757
1612
1324
1581
1201
1816
688
1047
87
866
1638
210
571
1283
1470
820
1119
665
578
267
1509
452
1035
1398
983
1634
209
1913
14
1634
1275
1173
941
1432
627
1572
263
773
1667
916
1238
1622
1070
1953
1615
1900
599
1090
1408
389
632
1869
1268
1658
1078
1111
1060
870
738
871
343
1687
1740
959
1080
1622
1832
1340
1719
867
1187
90
349
1026
1846
1603
608
373
1470
1864
1559
807
792
1281
751
1129
1296
302
1633
52
331
1430
605
1813
1514
281
847
1588
994
1869
1879
1016
1052
699
309
674
391
20
1569
886
953
641
1754
1643
1249
1063
1606
1161
214
1763
1791
405
1821
1794
1076
94
629
889
962
219
1909
1408
1704
1198
582
1759
1505
687
47
1350
1791
1717
750
13
1465
1893
430
340
744
979
1271
1290
564
1097
704
1763
1811
1295
1651
515
792
327
633
106
1744
33
1752
431
793
1602
1065
1826
744
438
1200
1935
292
1820
709
410
572
1242
1430
1709
1114
32
388
1921
116
1066
1276
1438
1490
107
1272
602
1690
920
1957
1994
791
1278
1415
776
507
671
341
524
1537
238
521
1002
1343
1954
585
1869
1121
1071
770
670
1094
474
981
1889
791
1255
830
1157
1237
1046
729
1953
1116
906
1811
68
644
313
226
1977
675
230
1094
8
382
1314
601
956
1812
76
195
1402
1058
1132
476
1180
3
453
21
1875
1153
1708
1583
746
628
67
820
1204
697
1103
1328
1691
1228
981
354
1539
767
1894
217
489
81
977
469
518
178
849
1186
1818
964
1621
965
1474
1696
1110
782
1104
192
1522
1330
1110
1121
95
350
65
1292
1536
1392
877
1695
471
308
1221
398
1840
936
842
656
598
367
374
1821
1140
1298
1904
80
1400
1951
1117
1273
1035
1108
1043
1283
250
438
1226
453
1872
1916
1305
39
1225
1229
603
39
829
1983
1498
1590
1262
1904
1266
1298
1300
992
1060
1982
1197
1882
1197
1833
575
1049
1542
1263
1642
1732
255
39
632
62
1617
1226
105
616
1863
1422
217
260
277
983
1502
707
1375
1913
1050
441
949
790
410
818
1827
1384
671
610
1964
721
985
1902
733
547
151
1230
816
1449
1232
291
1838
1005
1790
731
178
1232
751
77
1131
384
993
1256
744
1312
1436
1298
691
163
1790
1392
281
1778
732
1561
1268
188
1727
1344
947
375
1309
1596
1156
90
1926
1184
1104
234
117
682
1635
312
660
1545
108
407
93
1631
1703
415
133
360
1717
198
983
1430
1824
359
9
1935
86
1592
1127
446
585
1876
1407
413
29
1064
743
1782
829
313
1728
106
1880
145
664
1307
543
555
1755
1826
15
1656
1269
596
1726
818
887
877
653
1112
61
1611
95
939
1782
1131
1066
1726
73
1969
625
1406
1282
1125
366
1115
871
1727
803
1844
1108
1959
1069
1879
1476
906
887
578
925
1773
713
22
587
450
1800
1324
69
429
287
916
447
1705
1998
187
491
57
1590
1562
1495
1377
414
1813
1067
1796
367
1377
1948
1278
268
886
507
437
1675
1968
1358
859
1423
506
1973
1055
1221
798
995
13
1860
1265
1244
1574
108
1366
370
1169
185
25
413
692
1411
502
827
1536
1459
1747
693
1077
695
1253
856
1712
579
825
875
721
1177
854
1052
1406
92
607
556
1402
551
87
1943
101
1750
1313
874
1981
605
1930
977
569
1858
1196
1533
321
79
1788
578
1535
54
403
288
726
1099
87
1464
1787
187
301
1202
1367
1046
1556
72
251
947
512
1936
588
1856
415
527
1680
45
874
1066
1534
1636
1249
469
1338
352
182
1706
1316
1733
1711
890
753
354
1986
102
450
1640
884
1484
84
73
1900
755
1449
679
156
21
419
222
1470
1671
120
1096
1288
1118
1600
125
1519
1874
8
1272
985
1186
1559
1240
37
759
69
157
787
608
108
325
767
1522
153
678
409
1583
439
292
1588
1405
1014
669
1908
1929
1221
284
646
127
1582
541
1564
1061
1065
221
202
1273
604
1452
1689
1130
489
120
1309
1473
327
1744
1804
1894
228
1380
1927
1459
104
1223
811
795
1693
946
1336
516
767
234
321
965
505
1692
404
885
1918
896
911
1196
458
221
1355
1861
1777
1660
121
479
1972
1516
41
1823
625
1450
183
1478
695
1904
1823
946
1250
458
1113
1436
861
971
1958
504
660
822
1827
454
1026
1355
146
583
1577
1497
1666
41
1125
1283
1132
310
328
1314
1818
1107
1561
1631
893
187
638
1903
835
1990
1931
500
729
348
1231
1202
755
684
238
21
1150
315
1699
1570
1332
472
1184
652
133
708
737
1489
1724
1019
1903
1691
712
714
321
1153
1840
524
235
981
875
1248
1353
1382
287
1756
798
1219
1946
435
1019
246
540
96
604
728
820
634
1248
1324
1815
1414
602
1901
1727
1477
1601
1152
48
17
997
654
778
710
192
695
473
574
1180
1535
1040
1426
254
1689
1200
1442
1941
1264
1484
360
69
146
163
365
1345
41
922
442
1436
1904
1551
1977
179
1273
1885
1519
1782
1201
1634
395
1004
312
994
1394
281
277
981
554
1288
1424
299
1863
1205
475
922
1127
1880
792
802
1783
696
1140
1490
938
1411
1510
660
535
110
417
702
1736
969
1569
1522
1841
717
1662
1682
124
1713
795
978
408
66
1227
1376
1276
55
380
689
827
191
1188
884
1121
1137
443
1703
1363
1765
1385
1697
104
563
1658
1453
141
822
441
780
1558
562
976
1104
919
1403
1108
1559
541
588
113
608
1789
1297
1384
1542
225
1810
30
911
1308
1911
697
1085
1430
110
747
1326
1994
1300
635
1188
750
726
604
1275
1714
173
763
1374
1877
1333
675
1077
1264
222
687
1620
1328
175
332
715
1207
569
794
1824
1435
503
622
710
461
1727
537
48
282
1097
232
429
551
400
497
346
1645
1433
562
1860
1121
1847
1376
285
1614
1850
686
1150
15
124
799
1958
784
1611
1722
71
1550
1585
582
1183
433
1490
586
241
1388
582
696
960
1106
1539
486
210
28
856
1761
1403
683
866
390
340
1224
412
1865
1721
1202
1281
648
160
680
958
584
1945
1772
872
177
808
1863
1779
244
1641
1182
465
552
1414
365
245
548
103
504
469
1723
29
180
1652
891
724
242
1911
441
461
1663
713
1205
1853
1278
1252
980
1336
1086
1012
284
336
1754
116
1782
930
1098
1231
1728
1920
1706
446
1943
921
1586
1321
1823
1754
720
1138
1373
1052
1011
397
427
774
320
1981
1400
1407
252
1137
1374
953
1208
735
1674
1048
441
1005
311
1218
1256
279
182
1333
22
989
275
483
1749
957
758
1023
392
1902
986
1081
331
548
182
1189
1344
1684
275
1175
1212
132
1235
1241
143
994
1169
434
485
1316
1341
60
520
1760
269
405
986
615
1048
841
1360
763
1089
74
1558
1143
50
1992
180
874
920
677
304
542
716
1285
549
487
604
1835
899
1791
1146
906
1391
1317
137
262
48
639
1899
1362
513
911
851
1440
1613
182
2000
1539
1023
1798
235
1778
1857
1584
911
69
1673
640
1935
1975
612
332
1679
873
1921
935
558
201
1447
917
1972
959
1345
538
827
443
1479
570
1383
1974
1770
860
383
1386
510
77
572
1743
1188
1124
1863
1436
751
1506
701
887
507
23
1158
509
1477
1449
742
1538
1039
1888
1474
899
892
1797
369
976
632
381
96
1279
947
366
367
98
1083
1375
1839
70
1109
1555
1862
851
1993
1830
1073
1485
1368
723
1603
1232
1914
1225
562
1344
1049
386
1617
1833
928
153
1128
1229
333
1379
1009
1183
1997
1946
368
782
1523
1935
1706
193
1787
392
1992
49
1883
1981
1122
464
927
290
94
1421
1364
1491
1524
1721
1221
316
62
1107
707
726
1130
1886
260
1423
1071
947
548
1667
1127
1461
137
1030
842
785
1605
863
1002
1760
1536
373
216
615
1886
216
75
1285
186
581
670
220
1219
1182
1645
329
1627
1273
1672
1593
966
312
1286
374
473
1543
1347
663
1313
43
1028
1764
1816
909
551
1904
644
1685
1189
871
1994
1828
703
113
1181
1190
363
1400
312
574
997
1714
477
1320
957
977
1615
1414
765
401
990
769
180
1302
1353
41
863
1085
781
23
1598
1492
70
396
1730
449
1055
1255
428
161
320
335
1634
1298
1457
1610
1216
1470
190
434
790
441
1575
78
1433
1779
1710
1659
1934
575
1496
1647
1265
190
1940
39
579
649
1094
942
1571
1343
433
388
1196
563
770
146
1483
1983
3
1609
631
1862
980
1708
1064
1484
1494
1217
603
457
1774
1280
498
551
984
1953
788
144
1242
665
1128
976
89
1246
705
1581
1531
7
1552
1904
749
1482
779
349
911
619
924
161
1769
261
1135
1665
275
1712
11
959
1515
1507
1221
590
226
1253
793
1560
366
1500
1849
973
1960
1987
751
1291
1474
758
461
760
1650
858
850
654
1529
782
1111
74
1572
715
23
709
79
1934
1621
474
1616
281
409
263
49
39
194
528
1772
569
871
1666
336
1326
1839
545
1203
22
1880
1484
1044
1144
1314
209
1580
95
665
760
650
599
814
363
1767
165
278
1896
1702
1045
40
1751
344
1454
1943
204
945
1625
1552
432
1206
623
774
1204
1251
1668
1256
1923
645
881
942
754
1149
1432
1293
277
1569
1371
706
1237
593
111
1156
1608
200
190
1383
1477
1426
166
1698
196
1231
1555
116
1989
121
1412
1529
1062
374
368
1644
1971
918
674
664
142
1940
1170
420
148
1669
143
36
1179
91
857
112
516
1111
1981
1917
1185
1825
1218
561
467
1145
1082
349
1806
492
812
1843
569
757
1614
949
416
1262
664
1491
1424
699
796
383
1392
434
1344
1991
1120
461
463
542
1652
1894
411
1167
1745
1876
822
444
393
1937
1984
1513
456
1021
1056
1690
1500
1813
1789
652
1712
933
1994
1663
1335
1350
1687
371
1604
1347
1612
369
597
1707
420
1183
702
1493
854
1359
729
1925
1905
1911
129
821
1477
1858
1507
561
292
920
147
1552
871
136
711
1563
784
1677
554
408
698
1202
550
1890
415
631
1941
684
1573
1811
207
759
177
810
460
1590
1697
345
1009
1547
591
1984
1685
633
247
323
1186
1361
749
599
678
1809
1363
367
571
1211
1858
1386
1163
75
1741
1532
530
902
204
538
796
824
1645
1337
1883
323
1264
670
1279
1876
1442
1817
295
1396
290
133
1527
1494
1882
1357
1390
758
437
630
435
50
1972
690
1889
1244
1540
1215
188
1437
1266
1524
634
1590
429
959
1482
1266
1153
1724
110
1299
1236
561
1335
1061
1208
645
1896
88
1785
1946
539
126
1011
437
526
835
1946
313
1665
604
1826
1044
1838
176
35
220
626
1470
1637
1376
1119
763
1124
1074
1750
270
392
898
1958
749
381
179
377
1683
828
1536
575
81
30
1467
1575
1779
1335
1138
1236
1147
1988
611
1000
1458
401
1812
1395
1366
610
1152
117
338
1463
818
369
1716
1761
717
168
1912
617
392
479
1565
1252
1731
160
1857
1385
278
1135
1982
2
1624
785
676
1738
1155
1049
672
1221
679
550
713
491
1911
1957
1409
250
1976
359
661
1115
1128
184
668
1564
774
671
1295
1561
1309
1761
47
1487
1300
1178
85
1197
842
264
1612
1778
701
389
1398
217
1951
1010
963
967
689
911
183
1474
1872
1359
703
1672
555
995
319
17
1438
685
1607
1352
552
1633
166
910
1935
1003
566
485
1150
831
967
1506
323
567
1845
1644
1998
726
1832
1941
937
333
218
1529
217
219
284
81
1150
1376
1692
1727
499
1825
512
10
905
1243
1580
1220
1634
1611
1214
1457
1145
444
668
1336
1864
166
823
662
1670
1800
1071
725
562
1582
421
1129
38
367
1963
1989
235
752
966
711
1616
592
978
1844
1613
333
1174
140
328
1496
99
702
225
68
1204
844
1102
210
1816
962
565
615
806
1226
1615
1818
804
990
1074
1129
1718
1183
780
391
1968
844
1507
1775
1649
894
181
586
1079
1701
1244
1450
1561
159
842
1825
75
1952
902
1214
609
318
823
326
1256
540
1866
1236
900
113
477
1815
1844
609
1040
304
1895
1899
1090
1951
92
784
401
783
1193
130
1916
563
1401
1499
744
728
1511
155
337
1633
439
1739
1608
1113
577
1903
1332
1975
1318
1671
40
929
854
50
1496
492
103
1931
1003
432
1448
517
195
1715
241
1521
1548
94
1833
1992
3
850
621
1079
1906
1886
208
17
1772
1927
1969
1970
794
721
844
1744
1970
889
1680
430
482
701
1099
469
1564
435
151
15
1440
215
418
370
716
1533
1521
1138
870
391
1780
1210
1198
1129
1531
677
3
1447
696
877
1368
1082
1824
788
1577
225
494
219
638
669
408
1647
490
866
793
1525
777
1902
1246
772
177
361
754
810
1204
1649
1176
1277
657
319
696
386
1679
1294
959
1473
1805
828
1966
1543
919
1989
268
900
1053
1020
1565
1076
1332
656
148
403
886
1676
882
376
1786
1645
1811
749
190
1266
1327
759
1982
938
1157
264
969
543
672
972
1093
877
586
1410
769
1929
1180
1658
1872
1716
971
1916
351
565
492
1694
1732
383
1714
189
146
1907
1352
1564
994
1311
1215
684
1920
1690
790
1812
330
1485
434
1979
1807
302
417
226
1667
1455
1293
606
1826
488
1562
494
1224
1780
568
428
1603
1822
1964
1839
151
554
659
1901
240
1122
1854
709
1809
857
215
219
1806
1272
1577
641
228
516
1957
430
1176
1254
1772
1955
1129
1009
377
1361
855
565
1881
1429
1573
1712
555
690
1609
1076
356
1670
265
581
1135
1965
1187
859
1898
662
1057
773
742
1542
964
1141
805
1118
521
986
90
150
477
664
200
361
1699
23
970
1410
1442
91
1655
972
1882
688
518
1298
147
1991
781
1813
7
1500
1109
1477
1337
1671
1845
611
1261
752
911
1345
334
885
1883
401
1294
986
1167
297
661
1651
1684
428
168
74
1073
1641
1591
1058
902
957
649
1631
1930
1251
1347
1069
1179
896
1653
490
1708
1171
837
1506
589
265
1069
1531
694
1018
1978
1409
780
381
366
1576
254
1003
165
522
223
122
1616
978
539
967
1019
231
1661
1865
1799
1520
1392
1729
498
662
1343
444
13
234
1356
1265
1968
107
985
1588
1346
1601
712
269
194
667
43
1942
552
1534
1092
399
1806
169
216
557
455
1848
260
1462
1913
1923
1733
844
621
173
171
1212
1546
703
1231
1114
1305
1673
112
956
97
1621
814
1796
441
1382
154
1937
533
618
1781
362
1513
4
515
1777
1230
1122
1835
6
1349
405
1630
1600
1711
180
1382
545
633
1400
1306
121
1542
595
11
551
996
471
1356
1830
277
852
1418
1059
1273
696
1166
1931
404
1564
835
872
853
745
658
741
1592
8
258
1400
10
328
1822
1381
1906
668
1064
169
1905
381
14
1838
1163
766
1930
80
163
842
1189
804
1402
982
482
725
185
1620
1551
400
277
730
1462
256
1631
565
828
1008
10
352
415
383
33
1352
920
1871
178
424
1751
1208
736
939
1649
861
1324
963
715
707
161
281
290
1599
465
330
319
1079
721
1182
287
405
1946
338
82
1628
402
733
1785
801
1769
667
495
75
1950
1241
1674
416
1657
1550
203
938
626
1188
91
1154
864
158
883
607
169
135
1471
923
281
982
979
1418
123
1356
1343
1137
935
182
1117
974
1748
1432
590
1894
1272
795
1908
79
1282
1647
697
548
1942
1162
1358
253
1660
1749
1971
818
113
1728
892
1657
1909
1105
536
1652
1462
1326
977
573
1208
745
1705
1478
1268
1283
1389
1713
1660
1331
1298
614
1775
477
398
1185
69
222
1741
981
193
371
1934
567
784
597
410
1708
1134
480
454
1358
644
1954
1302
319
1727
1545
1502
493
869
1498
1537
1692
1295
401
1988
1729
1018
1096
1508
1168
1559
1514
1902
421
242
1396
1359
942
1532
713
155
1298
41
202
1239
1935
1445
1177
1887
1106
1962
1517
997
1279
1692
1812
1138
1168
1356
1365
1104
727
1346
267
9
547
1389
1680
1942
784
442
1365
976
392
1570
1446
1778
495
1150
298
464
1669
688
905
793
1242
1480
912
863
916
101
1383
1714
1213
1173
209
1026
752
263
1291
1842
1553
1138
1167
1536
362
59
1895
1530
301
1485
27
1610
1947
169
1372
1879
658
1717
1427
184
177
1238
685
1828
923
1952
1822
880
725
119
384
1600
412
1389
1425
436
1444
448
1163
1241
1440
975
838
733
232
1485
296
156
984
298
132
1111
26
159
743
1647
243
605
290
914
1023
910
1901
457
416
271
523
1761
1199
31
1554
1400
1742
1806
104
1694
1928
1511
1693
1368
175
1711
1529
651
364
1045
139
318
1985
1660
471
253
1091
265
612
887
1385
1365
1744
1455
272
1530
1733
372
1548
468
522
1696
467
694
409
158
901
420
349
277
535
87
1866
322
1347
337
1265
76
1853
1851
1073
1685
1357
1389
1887
564
542
1333
1184
196
1937
962
1062
336
897
1155
2
1241
458
2000
1583
1076
681
71
651
799
1032
311
599
398
1229
1583
686
1405
667
1664
1128
1313
1875
1790
1501
578
1315
236
1441
1210
820
1073
1564
1276
1029
661
981
1022
1248
711
473
484
854
680
1710
1074
1744
1832
1644
1392
391
1690
588
408
320
854
193
899
1639
835
1501
848
175
1568
176
952
1281
585
1596
833
1274
753
967
1609
361
214
1731
1838
1652
1679
1381
838
1877
1578
1036
158
1513
1885
210
1460
1177
321
1390
1128
9
687
1113
999
699
1681
905
338
1933
204
751
179
391
1346
765
1675
1795
1439
1770
545
166
127
460
1035
640
33
922
457
1340
1111
1412
413
1219
159
445
354
713
1176
1080
1871
57
1694
582
319
279
60
387
1008
1967
252
736
611
64
1933
570
206
344
1189
1251
598
747
346
331
238
1012
1651
764
1945
1056
646
612
766
1620
1579
1692
1753
13
887
1039
1867
1390
111
800
260
1162
1406
1485
128
90
69
764
1650
1365
420
1480
1032
217
1641
787
1274
1558
659
116
484
551
1024
1291
357
303
1427
510
473
1094
1895
462
184
145
756
615
1967
1098
1125
1816
1565
816
1767
848
1752
407
1633
1165
250
568
1341
70
1250
1930
188
1654
1124
1300
1902
1648
1273
478
79
242
442
1470
1024
1129
1548
1884
295
1427
1403
379
739
1726
767
1741
303
1688
1630
135
773
295
1100
1858
1561
541
1537
393
1114
971
1856
1550
60
1319
334
1546
812
1390
554
1104
1855
1628
836
415
1151
1391
1785
1283
726
1290
1985
1133
1357
1542
1178
212
1505
111
1148
227
258
550
435
52
8
486
432
220
1036
187
445
124
405
1909
1325
991
775
728
118
268
1777
757
93
1810
1693
1868
1260
1075
1304
7
93
1719
418
1796
141
781
251
383
1454
1754
591
520
1920
1594
57
227
704
490
1750
1441
1095
1644
1456
1826
529
1189
807
1713
780
29
1565
925
95
1601
1450
1651
752
1347
567
907
471
1068
65
197
885
349
496
1302
1859
834
527
90
480
787
1178
757
790
1975
132
892
864
153
164
1757
1126
399
698
1667
1071
444
259
1747
1630
120
797
1852
560
1882
533
342
1420
1071
1462
836
1924
62
736
1464
259
1454
884
1386
1737
45
1311
592
638
467
499
1097
970
1460
1450
1440
489
1342
522
147
41
488
860
379
1190
149
608
1699
469
1790
1550
160
1476
1920
1453
1232
1786
54
1830
9
1418
1334
1993
776
408
1302
1719
1854
359
369
780
870
1758
433
1231
635
687
1986
1554
480
1862
638
1600
1670
499
1387
126
411
731
1006
84
1225
983
1835
411
720
447
1015
1269
938
1297
702
1449
313
473
483
302
908
175
1612
772
1421
1513
403
1499
1314
1974
903
431
106
555
424
577
400
1284
547
653
1002
1945
822
1006
442
644
959
1754
920
1732
45
234
565
223
1761
161
1761
679
1616
1433
1725
856
1653
472
684
1027
1848
1946
1318
1975
645
434
252
304
798
1949
678
1490
270
573
732
551
1525
1276
1071
444
1987
1653
822
1329
1102
1136
1250
1120
1051
234
1486
1587
431
1902
8
1071
241
1491
1633
14
1846
1844
1809
1251
118
303
1041
1199
1356
547
289
79
1125
1427
1409
1568
204
1478
1587
1177
940
1751
1476
19
691
1065
1661
377
1807
1680
1655
1904
1966
69
11
983
10
306
1040
1831
320
1326
446
1705
273
391
1684
580
1540
1959
1127
829
1200
358
83
914
189
981
69
1410
339
116
267
919
1880
189
833
356
1646
1696
128
61
187
1598
1943
381
141
508
286
1841
258
397
640
866
938
1096
931
395
184
1205
157
1749
781
1731
529
1112
291
1662
1878
1244
365
1369
1615
124
830
1320
1589
932
490
924
781
1809
1258
1670
1013
594
816
157
1514
1775
577
739
1355
1631
1924
1421
1774
1738
1087
390
959
1821
835
1956
1551
1812
96
108
1083
637
746
528
901
678
2
398
600
1259
749
240
1925
328
711
378
686
811
1729
1273
1194
1303
284
794
1523
1056
268
690
1399
1174
140
112
1177
1289
1042
760
1710
10
1681
1585
1340
1000
1920
1825
512
1425
681
1459
237
33
1137
497
1934
283
1372
404
1952
1620
1757
1242
642
709
1051
491
1323
715
1127
279
1490
780
570
92
1281
1067
1101
776
1864
126
739
1518
1022
480
1119
738
244
1978
1520
1017
1393
105
1431
1443
1785
115
798
1980
647
1024
287
1681
1814
1162
1786
1090
1929
527
1987
519
18
1174
226
14
1998
1096
1877
1538
1594
1949
1871
1029
1103
1705
1925
993
290
110
1676
1308
1885
197
1553
456
826
1063
338
1986
1726
518
640
1057
683
202
687
288
834
1100
1595
14
1452
96
972
1252
137
1919
1033
366
192
1283
1598
1591
780
1284
1323
600
1097
1447
126
377
1643
353
1181
1304
292
480
470
702
114
775
100
49
168
332
1223
49
1377
1667
1594
1049
1150
503
835
550
1756
539
1597
1496
1335
407
1131
415
810
494
622
1957
1670
1024
1575
256
1955
1694
535
286
152
1532
40
1118
552
1203
1748
1920
1881
1229
1766
1634
1168
1737
1527
942
1968
1305
1809
1253
326
264
1650
1694
1732
143
892
1899
1403
181
1031
1503
1972
1629
436
1989
1984
1140
59
209
1193
1239
1693
725
1979
1136
480
1671
1552
1902
1834
645
367
45
250
1275
98
922
1639
1815
1016
1841
896
1112
920
1422
994
1040
666
121
985
1139
453
1799
1439
1877
858
911
1033
1107
1757
125
9
1706
514
686
124
77
1262
1678
1630
160
94
151
1387
320
490
1206
381
668
820
695
1520
1482
924
80
974
1615
1271
1133
456
612
68
1790
292
358
606
1499
282
1869
1970
500
1302
403
1839
1129
63
803
1411
624
1253
178
24
1881
1499
1058
1041
1647
1124
1439
56
1909
54
581
1204
1359
471
1179
1045
232
494
1919
177
1000
699
545
1594
1523
165
992
870
166
964
1083
1585
256
819
1828
991
1731
354
610
1963
1623
784
237
113
623
159
1770
395
1801
777
1319
279
1922
1287
1269
436
1060
1373
714
554
611
1602
444
1153
682
1500
953
83
1685
938
1085
1083
328
505
1817
632
1904
1648
1674
970
1658
1497
1848
1274
1899
569
1648
69
324
553
834
763
1426
1693
1082
870
1613
762
192
1179
582
313
1513
658
271
264
1276
746
390
1357
265
332
60
1917
833
198
1135
692
445
1602
1318
718
1179
886
579
1243
1284
1018
1018
290
1874
4
1617
1911
948
1242
241
1913
343
1761
733
1738
1409
1247
140
1531
1033
1443
1205
290
1790
360
1896
1143
1850
102
1135
323
215
1931
813
1594
1312
862
222
103
1251
1265
453
1220
1578
629
470
509
1171
1522
634
1093
67
80
300
1209
426
876
1870
941
1136
115
865
1816
1918
422
556
645
987
1838
1147
331
685
211
858
1005
1139
1321
1950
431
1632
1202
830
1688
99
746
1928
603
946
442
646
679
352
1185
1659
439
258
1370
1785
390
1465
1287
1620
1542
846
1942
1674
1167
1854
410
1197
1486
1272
678
980
128
1272
1543
271
1680
638
585
1506
619
1114
1172
1075
1042
340
424
1181
188
1037
372
1933
828
1349
1580
162
311
1325
1679
1522
855
1652
898
4
232
1718
700
16
32
1614
609
871
1451
1075
223
25
751
1192
525
970
1973
788
1607
1477
1902
1535
717
92
1956
722
1699
640
1053
500
1159
982
240
1503
1379
1321
1666
752
663
1634
994
473
702
723
204
1340
1816
1328
228
1095
1209
600
189
1510
909
1926
184
1837
221
1273
57
1876
1747
361
1482
539
1144
1584
114
1520
225
1145
411
113
1431
1172
193
1360
958
562
712
881
1598
6
306
1334
1373
1511
1498
1495
942
461
165
173
522
1177
975
451
1693
1928
1402
895
211
924
1996
549
227
1691
1736
256
638
1131
11
827
1781
584
631
1627
1415
389
991
1497
1830
486
843
520
1263
40
183
757
373
1008
1427
1371
330
1952
531
1525
1505
261
1254
677
990
285
1361
1216
1531
580
510
325
1249
211
683
1885
358
684
1997
505
1604
969
993
1624
991
1435
1988
810
357
445
1381
255
92
558
1794
104
627
149
1512
552
1957
1226
495
781
1361
1413
1882
917
1656
556
895
777
1065
1276
1990
772
803
1692
433
960
739
935
514
932
219
1642
1652
1117
708
1208
283
713
539
1453
632
652
995
412
405
1975
958
1374
1361
281
1203
1240
1316
1029
1744
1642
1405
530
1652
1251
1562
53
65
1079
1141
842
419
1484
102
684
1245
312
988
346
549
829
64
1613
885
1393
859
1267
239
1805
1874
509
201
1785
32
244
448
1030
1928
1254
1045
1584
1496
1662
314
1741
1297
873
1796
610
307
1817
1943
772
24
85
619
796
948
1340
773
1028
211
680
935
1813
1006
745
41
291
647
232
810
682
502
222
697
1023
1252
791
410
448
853
429
1020
1431
295
647
1733
1175
513
1788
973
1223
799
1015
1693
1242
540
229
1701
1551
513
1832
1288
1722
1675
935
60
1258
1757
1840
1846
122
1757
404
715
757
322
863
328
1067
808
1630
838
517
495
1159
614
154
571
1550
321
1706
1452
1012
1431
549
354
1586
1407
985
964
1340
998
1371
1926
1195
644
1632
58
535
1081
609
844
1886
1514
1951
861
881
345
346
1281
718
1796
1699
706
272
1328
928
257
1432
382
850
1716
224
657
1115
128
1664
1035
1426
114
1016
694
265
611
1037
232
1960
1086
409
1162
965
1030
791
1370
1923
1822
1245
617
450
719
67
71
105
1460
1509
1492
1079
272
336
1219
359
528
708
646
945
821
1743
1224
1382
248
597
1385
1486
1200
1045
210
1489
693
117
1724
1350
602
1793
308
200
551
377
817
329
987
649
1684
38
1914
1901
102
419
917
1086
767
1789
1841
1734
656
1092
1172
1850
646
173
786
499
1210
990
328
756
958
1847
395
1295
931
417
1928
323
1976
720
1723
880
147
1529
534
1352
263
698
265
1581
1659
99
1923
697
1304
1650
1440
280
184
1967
756
210
848
1347
770
955
954
370
759
1680
1449
1155
1723
1544
1014
833
984
313
544
177
1773
1805
969
1408
1092
1158
570
1192
334
632
1028
1454
1803
1822
528
1280
274
1718
272
1644
1117
1669
583
1990
902
94
670
877
1241
1910
431
298
10
208
1322
362
1753
1150
925
1933
644
807
1139
1573
1612
1232
378
1239
1906
1593
1778
91
1212
1928
1527
1023
1227
1089
1466
234
239
1256
1941
348
1155
726
735
513
1301
1738
992
697
1044
21
844
1760
1317
1756
1788
1655
1661
1082
988
720
1842
277
1282
1067
170
60
1567
353
356
1864
1142
563
62
1014
926
126
458
193
786
568
1059
18
213
772
574
1153
338
299
702
1016
1474
1648
1334
1917
192
135
1228
119
1445
1639
484
116
1961
413
37
436
136
948
37
184
293
1303
785
556
1867
1138
975
1503
1751
1654
485
1693
1271
1123
983
592
1886
1660
1642
1337
1658
1783
1003
381
1649
219
1325
115
779
1244
1762
677
975
1776
1176
426
1050
1610
698
1915
1275
1210
783
1224
732
1091
1041
807
1689
1531
1413
1658
3
1928
954
639
1822
533
817
713
468
306
1802
77
552
1976
6
239
1808
636
1040
714
434
1150
639
1250
1599
620
881
137
368
216
1541
1748
605
1254
916
565
1144
394
616
27
946
71
86
717
1225
55
1771
91
226
1707
184
1403
471
350
369
1346
106
922
326
32
1637
208
825
186
605
1399
1481
1354
1831
1360
1051
399
1562
1978
207
1656
24
656
1099
1793
166
940
1088
1714
1425
685
1886
1107
1999
460
889
229
929
1805
1670
1863
440
573
370
915
507
66
1437
169
1810
522
430
1391
637
947
167
1883
1408
1386
1330
655
1264
1552
1400
1387
1763
369
754
407
512
1082
336
1339
1293
1530
1086
1081
1262
190
1922
263
794
474
1991
1141
1138
1936
1088
1632
1339
1839
553
1315
522
1258
1765
1642
443
134
735
1518
613
763
686
61
1630
1102
1971
1399
1625
1581
1268
575
386
1686
1040
1455
306
1136
1733
1784
1708
15
522
1091
1661
1027
1499
1798
516
1865
1858
1693
1403
1147
1988
1260
1673
1573
1597
271
1794
1986
958
1654
922
1793
1297
1402
980
514
311
832
433
358
819
582
223
234
1107
580
1374
396
1992
1567
1611
201
1768
1209
1733
569
1999
405
1829
779
537
1845
1736
1434
483
1611
348
1112
1185
1381
1629
978
1784
484
1356
1682
105
1787
1795
251
119
1567
1455
1751
128
165
20
453
185
1749
832
1800
995
9
716
1859
137
1470
1943
94
618
68
1014
132
664
1285
1133
1963
674
115
1883
720
1550
599
730
1357
532
1300
722
1468
1634
894
1834
195
1120
1637
1920
1183
888
1442
850
1030
1675
1336
1296
770
726
1511
1706
1803
1916
1983
1585
772
421
1425
1940
707
1073
1999
806
314
1035
1327
1791
823
381
1939
537
1754
236
1963
1158
656
981
137
210
1071
15
1592
570
1696
320
14
1975
271
1557
750
1950
854
874
135
1575
1601
1301
1421
781
179
1725
1338
454
1863
827
1317
489
759
1277
536
982
1233
1899
661
839
1951
1360
1046
53
405
1992
1132
1820
1934
232
1216
1751
546
1058
162
1605
1564
1461
315
1816
1800
3
1700
1104
553
1671
273
1827
1767
1411
1936
1290
463
1092
401
618
609
849
293
1809
1818
107
1880
1767
663
808
923
566
729
1033
444
1407
1956
602
1704
742
756
263
980
1815
1154
1591
541
836
238
1113
752
390
1055
393
563
1495
1329
959
1756
1896
253
1051
1007
1335
1999
415
926
1187
87
476
908
1294
606
1136
1556
1435
1306
1395
1419
914
1298
1958
1484
1284
248
366
188
929
491
1957
1256
1385
103
1545
1763
337
625
213
437
1479
227
1449
392
827
38
845
1634
798
676
172
599
1112
1822
956
235
834
1716
165
1496
1637
1112
674
1512
1402
154
1206
1746
675
155
1808
582
1741
1408
1547
1497
667
1235
829
959
1641
1250
1249
915
1273
339
73
1123
465
1795
1310
150
570
1635
1646
1781
1356
327
652
1902
799
98
23
987
436
610
692
711
1994
910
1912
1935
298
74
1943
1294
1449
1043
234
490
738
566
1175
462
52
1538
503
1628
748
1209
997
1316
276
823
617
1662
711
1779
182
1766
909
1902
1170
1950
1549
1536
1288
208
1164
1685
613
568
1283
1382
1834
33
833
701
840
1555
1053
1294
1555
442
1350
1689
1171
1559
1491
1563
829
1371
214
924
1590
129
1876
1121
400
4
1868
1066
1376
587
1825
323
1518
972
1603
457
1132
589
1062
1232
1438
426
924
309
1715
283
1678
350
407
610
872
990
1845
580
1642
1983
400
625
1778
110
1875
437
58
994
231
1768
1297
976
937
587
440
325
1289
295
515
995
1612
797
1938
1085
1397
1104
1892
422
1658
1343
168
1077
1033
435
541
13
1778
1307
1221
230
1443
974
191
254
1116
536
1477
1789
1651
1035
1756
1201
509
1554
1263
1112
1873
1613
1952
725
1311
888
764
1283
997
1569
739
1656
230
73
913
983
1647
815
607
670
1022
119
265
293
1604
72
12
1436
679
495
44
122
1172
137
939
1438
244
1211
979
1182
268
1399
755
793
184
502
505
350
1431
1109
1207
502
1791
1913
694
822
386
331
1685
1760
1457
1241
1482
1691
1612
1861
1269
1496
256
175
1811
679
1174
282
1643
489
1644
1000
481
1219
1617
518
1798
796
710
821
1145
1692
409
510
88
344
1606
615
1750
1483
1313
1056
586
317
715
368
1668
264
541
1446
790
766
841
700
283
447
1615
573
225
1102
1483
1103
706
1811
918
1733
371
37
1207
885
1234
857
1328
898
134
1182
1039
574
1961
1287
671
1398
52
945
174
69
922
697
819
1337
1417
1598
78
1537
1418
1626
1671
1655
1353
37
640
808
1620
270
359
780
994
1952
1833
1427
1608
1615
1008
1904
280
1545
1774
1928
44
947
887
735
516
1870
1840
784
448
1259
143
1066
1333
1259
1508
1179
909
1019
1057
525
824
566
1648
1808
1866
1456
1954
1990
715
1285
154
1438
146
194
616
74
754
518
1723
782
1383
1936
913
280
498
1414
1735
910
1910
1567
1103
1963
287
189
1959
1382
1491
1125
348
1013
401
1135
1446
275
1082
908
133
417
141
744
219
935
1906
1741
1187
7
1330
991
507
267
255
1632
484
293
647
456
455
1579
745
806
1700
1741
526
1449
102
1405
888
496
1189
87
361
475
649
22
1064
1953
1059
1661
430
68
1640
450
922
653
1406
340
365
912
739
1180
1860
162
880
993
165
1218
1274
1309
1525
688
499
1396
1894
1866
550
564
822
1025
1782
1631
1441
455
1769
1897
1327
979
426
1911
866
1001
1960
767
256
403
1934
1596
619
93
695
1341
1278
1836
1818
1491
1820
847
397
71
454
318
1503
50
1697
1214
411
1683
540
351
104
1956
1410
1304
79
644
1092
912
37
1509
58
196
1303
1995
1389
1140
252
565
753
1537
61
961
1427
1074
1694
1204
78
1051
1408
828
1618
379
1933
813
1555
12
882
1357
690
167
114
1342
675
1223
1857
292
624
147
538
404
482
1097
516
1843
735
1843
1539
1673
1605
823
1352
1791
575
1567
1390
329
1800
1473
900
216
708
1401
549
247
1578
567
51
363
792
1769
1853
1649
1810
1909
97
500
151
691
1538
1609
453
1337
1600
1408
1537
1303
1080
824
426
1601
166
1152
506
1713
1969
581
555
8
1792
906
1390
553
323
1141
156
916
1790
665
21
1327
1710
372
1427
12
803
336
1725
456
812
1399
563
341
674
283
1826
1175
1601
1293
225
356
1849
1154
1646
320
1665
674
1027
1233
1810
1121
481
1536
963
1789
404
1466
599
594
997
1940
653
1066
1300
1138
1878
4
131
1743
372
681
422
430
1672
1775
1294
1063
1539
1450
1301
1228
111
698
586
54
735
796
1719
867
724
1972
686
403
1968
280
409
258
633
916
1334
1949
1736
191
133
1344
1987
337
288
1151
1823
316
909
996
1132
652
1161
483
1161
1305
1782
908
906
118
1086
326
1421
933
854
769
1745
982
1703
1217
239
1070
275
264
1807
1030
411
25
842
280
668
1292
768
1464
904
388
479
1249
193
1587
537
1226
734
236
1118
1606
198
490
71
740
731
57
1862
1395
243
1176
519
1794
1794
1515
1896
828
1820
1347
243
1658
1141
1631
1322
91
1096
1708
1156
541
574
1529
257
880
933
223
1707
1892
1476
1314
2
992
1279
201
631
1536
223
591
1962
474
1027
1541
986
1721
1647
1966
1832
206
328
883
429
403
632
448
1077
604
1705
1991
1280
813
1155
1024
968
175
1454
1090
1982
349
1964
486
450
877
1721
1411
1668
194
1770
1939
306
1644
522
466
709
1622
262
212
984
70
860
1343
229
136
224
12
379
571
1672
815
844
1033
88
1483
31
1693
1523
183
214
349
157
1578
1586
917
206
366
1346
564
670
841
16
107
882
521
203
1314
704
1865
1617
1070
95
1128
918
279
1408
376
1482
1260
1413
16
590
1157
1145
1030
213
422
993
1922
876
627
1284
1125
251
1870
1837
1685
1133
1556
413
1888
1171
500
283
1895
235
1497
1422
549
717
1540
1259
1416
1372
1160
3
1075
784
363
1792
155
1317
216
160
121
563
1326
645
659
1219
954
99
1158
1268
722
175
1080
571
335
377
1304
1790
1282
567
274
229
816
1236
1154
810
1732
1466
1010
776
565
235
1339
1682
1328
1015
1315
107
1453
1116
405
1052
239
1908
1475
931
1416
771
1046
208
659
1022
1913
1913
1725
1552
1162
1311
4
18
599
759
1264
1303
353
486
1493
1811
519
1353
311
1715
1394
646
1873
1957
293
373
723
1210
956
1416
1328
1732
835
1692
917
175
926
800
1934
1176
1859
953
262
1678
895
1616
1708
183
1925
1644
1137
542
391
470
369
972
1402
1787
940
87
986
1509
1738
918
862
1444
956
671
992
1710
520
1368
409
1572
299
1178
1972
1311
1325
822
1972
27
479
79
1064
742
1767
166
857
771
987
842
693
95
1621
142
1086
1230
1484
1471
44
1694
1920
461
1718
364
1372
789
1006
1493
1938
1375
1859
1243
116
1385
1184
32
821
1746
222
34
1206
331
891
1889
375
360
801
37
1355
1973
1226
443
183
1950
776
557
668
573
1193
286
1931
1121
1646
1145
86
1752
469
836
1056
271
1914
1801
1353
775
1906
1635
61
1297
1520
824
842
1200
1641
120
332
1229
1877
1498
1188
1806
207
1906
1987
764
1157
1525
528
1180
101
1521
1975
469
1796
1610
342
134
545
684
1512
484
1362
1483
632
1029
1798
63
591
215
555
44
1882
1575
637
1651
1570
85
1697
1235
1582
1950
1275
635
353
319
768
1656
1348
183
1075
1773
922
745
201
543
1800
731
1687
1309
1108
1912
1841
1322
989
562
89
546
1471
1347
881
1270
494
1362
1047
394
207
1696
114
494
1208
689
1724
1217
1426
1933
943
1252
1729
1424
914
1412
1060
1080
777
1541
1077
130
1333
1855
788
801
1156
408
1042
1521
1456
836
1176
206
295
1662
80
1665
1226
1556
1081
1890
583
439
432
1066
983
168
461
1611
1676
296
144
856
596
1833
1914
1709
579
1156
1947
860
1739
1973
317
1093
1558
798
833
738
1554
1724
649
1098
1566
234
1722
1177
198
1133
1363
1401
709
987
352
919
1773
1200
693
800
759
1372
1287
103
877
1138
1736
399
457
1432
1218
667
226
770
516
1273
1661
1336
1642
1304
26
304
1918
1833
230
213
642
1935
249
912
806
806
234
1588
1120
623
521
1926
1638
1294
1493
801
1783
708
757
138
213
1255
1599
1339
508
1529
1125
1403
1529
649
1813
1900
705
1986
1289
1437
370
1593
1346
382
1446
1534
1167
119
241
118
1162
102
1173
1074
1538
1454
1263
930
942
1536
1883
294
1226
1258
895
1874
235
1407
584
277
1910
24
4
775
1313
1222
606
1956
442
553
606
1540
611
327
840
553
142
1483
244
307
1779
1474
1099
242
1220
1977
1030
1293
1312
1328
218
1482
764
1549
374
1317
31
176
1024
132
571
1260
1898
37
520
1507
453
1950
1524
1249
944
1009
499
1531
63
1941
1297
598
1230
245
175
811
20
1627
633
1520
1493
583
735
547
700
1507
374
857
1050
1114
1830
636
1654
226
1407
270
1083
54
1352
1748
1359
597
8
880
1582
870
778
1727
569
634
19
1820
1583
831
1757
428
982
871
927
293
1474
1191
799
80
933
428
141
336
795
1941
1592
1605
1869
1860
847
1103
1096
639
988
349
892
643
288
1489
1708
1623
85
810
1635
984
1079
895
711
1760
1519
1379
944
1090
1161
447
660
765
60
698
63
988
1927
350
441
1427
1285
1633
218
1342
561
413
1528
1079
1475
1954
355
1722
185
787
266
19
1686
1620
1251
303
1474
1934
693
209
1671
1378
938
170
262
418
440
1007
1106
961
1746
1495
686
675
979
1054
919
855
8
229
1962
976
727
1723
155
743
393
1050
1916
186
474
1169
1526
1249
1406
912
19
1420
576
297
1391
1543
1264
537
1076
456
1919
1626
1824
1097
1650
1585
1438
1301
438
392
1012
1139
1781
1354
1415
395
405
514
1532
773
1184
243
709
614
904
1168
21
890
1708
1844
1130
848
1393
344
489
313
31
741
1160
1289
1001
1804
1973
1370
786
941
37
810
1016
894
920
1119
588
1754
1261
933
1823
57
294
248
374
1997
398
873
496
715
1647
1887
259
60
103
1803
594
1580
1948
1020
1371
580
1572
1261
1690
233
66
732
243
323
1248
464
1937
108
296
397
1807
610
1460
496
957
514
1037
198
1240
1035
1580
1572
199
343
445
1007
868
895
3
42
1227
997
106
1545
1393
1977
640
796
1424
832
1161
1479
850
967
397
1215
553
1637
1251
386
1389
1492
1706
718
1596
442
1320
253
1291
65
1845
916
1234
1208
804
1984
1250
113
1875
110
236
1884
1886
910
160
1440
264
93
1867
1519
911
171
881
1429
1079
1145
1264
178
351
1512
1434
8
235
1341
122
900
455
284
1824
1930
1498
12
1939
242
407
1408
523
185
386
1123
1526
660
563
1139
516
154
1414
1890
1746
971
1853
7
1236
1690
875
850
1562
482
431
1536
915
862
1788
858
826
237
827
1905
1327
612
482
727
678
703
1070
1552
1908
55
1121
1738
476
780
217
1925
202
1864
803
1801
1702
1929
595
519
799
1615
1633
619
168
128
269
1871
143
149
1856
1999
572
371
1480
1984
609
848
1028
1193
247
1717
1468
464
185
332
297
1073
451
526
1412
1391
146
887
837
1054
1215
799
1377
173
1668
956
1235
1759
742
1573
1436
1471
1825
495
358
437
108
45
56
1196
116
678
807
485
1315
1111
1629
1546
127
479
1330
490
1367
1536
1594
10
737
1127
119
1868
1633
944
559
301
1454
1386
1046
1639
495
332
1210
1957
1418
786
950
1849
941
642
998
1950
1714
898
428
1516
1657
1922
1635
496
1041
232
1059
563
407
1391
57
1580
1858
1757
1331
47
1792
155
1985
940
1485
1852
43
1912
1800
1227
223
35
675
626
201
1742
979
1273
1369
1960
744
390
631
1772
1479
908
1037
1493
316
968
1439
1874
1275
597
1592
1271
1256
1742
1700
304
716
996
918
1155
1738
802
1390
898
622
546
908
1874
1682
500
1687
637
1175
839
1862
443
1571
1567
310
1496
1662
1953
1094
1662
1186
1920
845
1968
590
1133
1994
1504
1477
937
873
1401
454
352
533
855
1089
1349
960
883
1079
577
1143
905
1933
730
1076
718
238
1214
710
890
1845
1108
1218
1601
441
963
1683
391
869
183
1201
1377
179
1458
1637
956
990
126
1797
1744
1650
1253
1709
842
80
578
50
816
683
686
1665
618
495
676
1184
1569
1836
1336
90
233
768
993
1015
1271
141
306
528
1394
762
537
748
1066
1262
1709
1655
881
1162
910
405
105
1561
1715
1801
583
1819
52
1437
762
1066
1132
1235
1507
1903
1020
1662
1346
1659
1104
1896
845
1640
1591
953
1611
1698
1736
822
145
153
225
698
8
1029
1906
1124
923
785
944
1561
1932
969
851
836
997
1205
1064
1899
1930
1598
490
1556
1174
969
197
1506
1477
328
1677
1075
1954
299
1954
1273
448
272
1462
1140
541
1693
1007
1260
1844
1693
885
967
1305
1388
623
1718
553
1560
593
1723
1329
130
1041
1122
1346
686
1379
1743
1997
1575
1905
1107
1386
1057
1942
1773
800
940
953
95
532
12
1213
334
611
386
1356
1076
1915
1250
985
144
1734
506
83
1656
103
1258
1302
1203
543
1534
148
943
582
1476
438
828
1276
669
676
244
763
648
1797
903
1590
1064
1415
1257
1930
837
1208
1614
1153
1356
1800
143
825
990
1968
835
531
1382
1794
1228
765
656
1852
202
1749
1519
688
92
754
1680
1387
1185
1517
1450
1585
528
1571
169
1720
50
285
1515
221
1489
128
1110
115
1662
1020
978
94
740
834
274
1019
1445
800
122
46
1693
1961
1433
1672
882
1945
1674
1513
902
362
352
1843
1437
1176
1968
1611
1705
1824
847
351
1760
1416
1512
1834
490
1994
670
1092
48
1901
358
1781
1518
1898
1795
934
683
1810
15
676
975
25
1589
1200
817
1099
1447
711
1462
1651
819
1927
1857
22
104
974
24
1572
1441
1075
190
1009
792
1620
1121
367
1676
283
997
1622
1298
1647
386
577
248
637
1042
715
581
204
1199
793
216
1794
1680
1728
956
61
1243
1428
718
810
1035
233
693
1766
291
1657
1750
1174
1908
1146
682
1200
1857
580
350
969
218
726
1935
202
745
868
685
1117
930
1666
119
1694
3
95
1943
1626
809
1199
1782
685
228
1853
1904
1633
1452
767
1662
101
445
1791
46
465
1622
898
1693
710
234
1716
999
170
1107
1246
668
475
1821
351
1207
1806
753
27
1108
578
1838
22
981
1972
1013
1861
1761
55
288
1367
961
1091
1575
1036
1344
128
754
1033
311
1716
1866
1860
1396
1865
586
199
1925
1721
810
641
195
245
364
68
1446
1885
1851
858
364
1244
1323
558
917
1427
1818
1572
604
1837
904
1403
961
1439
640
1144
494
1711
594
1911
1763
700
1879
1584
701
1994
1564
1658
878
1432
1465
815
217
376
479
1198
775
1876
1060
834
1923
1043
1743
1171
1825
248
439
180
1750
1316
665
480
843
364
131
1103
1293
89
404
428
677
1443
293
171
526
1669
944
232
503
1778
1694
14
367
1653
1899
309
1796
544
1229
602
483
945
590
494
637
864
1987
30
483
1033
1574
684
1135
1448
54
25
531
85
373
849
42
1533
1614
717
39
125
220
108
250
370
1247
1885
1192
1783
118
107
1942
1193
353
609
804
1924
540
1411
1597
42
155
1692
1282
1991
1384
228
472
1930
1310
1642
1839
1661
942
1517
1250
126
173
181
1100
843
1491
532
689
1542
1977
352
1250
435
1228
1337
391
792
1556
1051
1901
154
997
818
1275
1683
1475
838
871
1960
842
35
16
558
662
537
751
1718
524
751
602
65
732
1219
177
196
1794
1540
1567
1698
1302
1726
607
1374
1691
1552
320
554
553
200
1494
1257
112
169
433
1733
1385
199
321
179
36
902
1875
1493
1812
1417
111
1732
680
805
1884
898
1242
1353
698
632
98
31
1920
746
1646
1631
612
1941
1810
696
1040
1391
1534
130
757
434
869
777
1799
537
1603
601
265
1825
83
686
1291
1838
1455
427
1157
752
1399
1719
1203
446
1177
859
1555
29
1590
656
1801
1451
1625
78
972
1191
1776
392
1922
830
324
1893
1252
953
1253
36
189
759
1373
1984
341
1321
1804
1334
1711
233
706
764
1518
1453
344
251
1475
1752
146
747
115
923
1529
666
1056
1468
289
1954
1005
1066
1076
60
683
1481
572
1205
1576
1805
212
1884
1562
1101
1317
1876
486
1912
21
1577
105
162
848
118
1619
878
1345
946
658
923
485
1825
1533
1667
990
1913
895
988
1961
698
792
1653
1252
1310
1905
252
1394
835
1780
952
486
122
411
1909
509
824
1457
166
1277
1315
1598
770
765
1307
865
1215
456
1813
1102
685
1736
138
1970
721
544
1334
844
298
825
1040
1564
1132
966
34
453
1676
1440
1869
824
257
856
1773
335
764
141
784
149
949
1235
1044
1046
1971
1841
306
750
1353
258
1274
1885
514
154
798
226
1013
1324
836
1896
1746
277
565
562
1793
250
709
1987
667
169
901
1979
1000
539
1622
1133
1980
1169
937
193
585
1550
1798
1339
1996
1882
127
1039
1806
1985
1219
939
815
854
1608
521
1735
1591
1772
1995
369
1986
1432
1275
1216
310
1704
1142
1611
571
810
428
1777
575
1438
1137
846
1302
508
1251
537
1365
371
1661
1480
500
882
215
407
924
971
83
1611
434
1348
1724
170
487
388
1510
12
1476
1516
1875
1947
708
1571
616
517
1306
1459
1397
886
693
392
1312
113
1661
380
997
1504
926
1423
56
567
1822
1559
1811
176
741
1109
1427
1222
1974
1956
573
537
578
403
1576
1659
78
1680
815
694
81
2000
626
644
359
1629
601
60
233
1070
1256
1737
1878
799
916
482
1220
1604
291
22
1564
1070
243
1621
848
1637
193
193
1677
93
620
1347
1171
1308
892
83
987
1943
1782
1374
361
1155
533
358
141
469
1315
1327
141
1984
1071
1885
65
1990
966
1444
791
1972
102
448
1090
263
962
1399
1403
1201
1637
1996
432
289
1658
612
820
626
1784
1504
1240
1887
1033
1555
533
137
1817
915
1451
1346
344
1788
1141
1414
1878
1101
453
470
1916
1934
1047
1265
1003
1252
1662
115
1528
1474
1672
480
1448
425
912
996
669
279
1234
1310
1083
1464
1383
1695
1673
1979
980
1945
1739
1523
1175
1022
1088
762
1473
208
1490
1585
151
586
1178
235
1915
856
778
1841
1593
1985
758
824
306
676
593
1709
1862
500
1519
1788
1256
1173
1286
925
574
460
1191
358
1453
1206
1224
1871
1670
981
1266
1392
1898
1023
15
762
1606
418
634
1007
1212
1950
1274
1082
656
1526
1371
1970
1083
1477
1359
1310
1753
1194
1305
784
492
1765
476
1460
601
1196
499
1474
1180
1602
1152
353
1998
673
1481
473
694
1004
1564
1124
1416
142
621
1202
15
1911
1300
1977
489
1399
1792
265
442
1042
1667
1759
1077
555
1302
1961
151
471
1553
763
804
451
125
586
793
98
511
1754
266
905
184
166
877
1310
38
41
1198
380
946
56
788
1628
666
1495
310
476
1385
1066
521
1483
1442
890
479
1371
337
1507
854
1476
784
114
541
1567
833
1491
722
716
885
1803
1770
751
1819
1190
1002
1672
19
636
546
1341
1454
248
1062
1449
1938
1893
1649
802
785
58
1754
33
95
183
1017
1830
722
1415
1386
878
1782
1604
1815
1357
1209
1716
1656
1723
603
561
784
1548
1663
954
1708
1414
642
1239
764
248
1799
1373
1375
1840
148
1304
446
325
1878
1558
725
408
1869
1920
1368
978
469
1520
289
1970
1558
277
467
168
804
392
1611
1810
120
1661
608
1725
1480
933
628
827
330
1145
172
222
212
386
1766
1682
1827
52
1020
181
1219
1112
1035
1278
1193
475
1122
297
1973
1332
1391
1042
1871
77
706
1579
669
1379
732
840
1509
1263
1278
1470
1489
1202
1950
1653
1617
384
57
237
206
1274
1252
1172
1469
649
1191
996
921
199
1309
1089
1751
945
295
1017
711
194
1509
1101
1910
1326
258
1173
281
1132
355
1051
229
1196
1314
1621
613
474
1351
566
647
739
375
833
1070
1937
41
1864
771
462
245
1805
1333
104
1897
2000
1395
1956
1092
452
759
1760
1110
673
1431
806
1683
751
288
200
1669
193
1589
457
416
1745
1725
598
1659
114
1055
1929
1888
1385
1968
1526
1611
1569
1494
1071
816
67
1212
478
236
751
365
805
1642
152
1322
1831
1559
1103
204
766
1706
776
1355
1181
1647
1335
1989
1785
1513
988
314
719
1182
1272
432
737
1821
1859
383
1741
1319
640
845
1549
1101
1859
837
167
533
1794
999
836
630
410
1682
1197
1423
1043
1524
241
149
367
1996
91
890
1734
1966
1866
438
1855
1386
1442
1536
719
1164
367
1258
1000
1841
106
1158
1280
1272
625
1532
514
1681
1605
1213
151
1269
864
288
1044
440
1194
1306
233
1995
443
179
1803
1905
1870
1773
512
1542
386
394
136
1362
15
1195
891
1921
618
1975
208
290
1217
1400
704
485
1606
902
1204
94
869
776
869
1695
1335
1308
839
1483
691
176
1260
1471
248
1677
1039
44
548
276
90
1895
1747
238
1074
199
344
64
315
603
1795
1968
389
283
146
236
1002
750
93
1292
838
358
1231
1976
1040
1379
954
1590
156
1778
1246
1688
1593
264
197
328
524
1601
1855
1741
771
650
868
534
1299
1354
227
2
1984
1441
405
1288
1781
1458
1183
1885
1653
1167
1324
168
62
1172
586
939
47
1532
1865
1079
640
1675
249
1467
310
1661
762
265
238
1673
121
1730
1761
989
1051
1154
915
743
165
1512
733
1150
721
1375
1794
499
612
1095
95
146
1728
316
1983
1336
1518
1948
1994
1319
1373
1179
1954
18
1277
1994
1700
228
381
854
1031
1244
1382
1167
454
1343
409
508
640
696
241
251
1283
1150
837
1762
157
1447
1856
543
814
84
789
727
1534
636
1055
303
223
1356
1264
757
442
1245
124
852
852
1660
843
1678
194
436
830
741
958
1138
1475
31
806
1986
695
1779
1879
60
525
1916
1038
1866
51
502
464
354
1787
339
1599
442
217
144
1454
502
58
1818
1460
547
1917
1836
802
430
728
246
1112
1078
1434
165
1786
840
144
981
1662
1570
931
360
910
849
730
427
440
421
457
256
395
1845
826
278
1210
1508
1680
1842
1169
934
1561
1530
1908
578
892
1241
550
1556
1204
1299
1526
1817
1043
1891
1221
98
1485
1787
693
355
1441
1085
1214
1644
1774
1940
401
1161
1883
122
904
1279
1381
183
665
304
1711
647
765
1573
1504
1913
967
1448
100
1952
1472
1211
40
715
603
534
1755
1438
1734
805
1632
1885
1022
1714
473
1769
773
1654
883
642
1354
1868
174
1058
1961
639
1542
927
718
790
1683
984
1971
1916
315
1955
720
1403
46
484
801
287
626
804
880
315
929
1958
1143
1993
321
1852
1156
1639
876
1444
1465
1510
1791
1376
1004
471
233
720
348
370
1408
1070
1300
1655
1396
1989
968
576
163
550
1851
952
775
1393
1370
690
1347
1159
159
1090
1905
241
814
39
900
122
1642
1087
398
1660
125
1079
1488
222
974
792
344
1401
350
1257
898
587
56
433
1232
1124
453
846
1165
1268
267
1672
517
1355
1835
1407
672
1242
1022
860
1384
1055
561
841
426
519
1599
80
808
381
746
1263
132
95
585
726
421
1588
189
22
848
1434
1651
1785
1882
1444
316
391
1645
77
1715
32
206
220
217
1583
138
1640
1705
1553
399
1792
788
490
1719
915
317
608
1854
550
212
1503
109
728
914
448
1261
1991
1611
146
259
796
1792
1784
1280
1507
1966
101
418
712
37
192
114
414
1261
234
1498
1910
200
835
1246
808
441
1124
524
115
744
801
1954
1209
1345
60
535
963
1028
1179
23
534
1135
144
1832
1749
311
864
406
674
770
683
358
1035
35
262
189
1202
1208
571
1695
746
381
1985
209
1232
1069
1697
177
986
1467
809
349
1761
821
234
1366
137
606
1060
1576
1578
1651
876
1456
418
1918
715
1828
662
1922
321
1881
103
333
716
314
1351
795
1857
391
1802
1626
828
270
1140
1471
409
726
759
1137
982
1893
1750
899
1135
1451
193
505
576
695
706
1306
1289
1810
650
358
807
263
1118
1983
1024
1087
1524
221
564
1934
965
1171
1441
941
1079
767
1799
1928
1567
1861
137
1479
503
655
1371
607
1975
678
93
283
1705
1410
1392
1055
1974
1039
1719
103
732
296
1468
1877
962
131
357
950
1179
644
1520
1020
876
713
200
1106
1651
737
308
1152
1380
152
490
143
1975
1930
848
1174
877
1596
534
977
574
1424
1778
1846
407
1126
148
895
160
952
1291
541
1393
1075
1720
1297
197
237
488
705
528
327
474
1196
11
772
1646
1514
143
1096
658
888
1280
1772
304
269
303
1796
671
1333
974
954
102
1457
1020
357
1776
21
1889
1915
526
471
268
1815
1515
1609
1605
743
87
98
1930
1899
1425
412
1115
1626
1068
563
975
1854
1250
761
603
1516
1365
1113
1433
1655
174
732
1746
63
1071
1006
443
68
1597
1339
1385
749
556
1208
1683
238
1475
1007
1948
1722
675
206
857
513
1083
20
1816
1043
155
463
517
286
1318
335
392
663
1034
1080
860
836
1865
140
1312
930
595
953
428
810
1482
125
972
1678
63
187
1598
1438
1581
1383
1540
444
1125
158
1104
751
1483
1948
106
1267
804
352
1162
1260
1148
1116
551
1522
990
383
1893
1057
1249
1119
253
1014
1594
1864
1941
1469
218
668
1377
379
1236
272
102
1160
523
1687
313
5
660
1402
481
508
691
461
625
1769
919
1158
959
1010
1130
752
906
447
15
282
1080
1671
1406
1693
1034
246
1369
1709
56
1775
532
104
179
1899
1659
1903
773
411
1793
1147
1324
1988
466
1839
1804
1577
1313
380
1933
372
1065
612
1603
914
400
1775
141
529
303
1990
467
1840
1007
1193
411
229
932
1584
1238
120
422
539
1403
516
658
344
323
52
1163
645
771
1887
1864
1386
337
475
51
22
1725
1494
132
879
1208
722
1224
689
806
1623
141
1224
974
715
582
1933
1773
107
645
1677
1142
739
204
1220
1867
363
723
81
442
1804
1660
1466
873
456
596
322
961
1568
1897
1889
326
256
1835
1502
1179
1196
70
428
897
1590
62
1739
1386
1637
1323
375
1780
587
134
1307
1389
798
1075
974
1992
1593
68
187
1645
1685
1012
1500
1670
1062
414
1562
1924
1776
540
916
1360
271
1011
1940
1998
1617
1083
1522
790
141
265
1251
671
814
209
1034
1206
1060
316
726
1623
492
1094
206
289
1448
351
1901
424
1080
526
1772
233
1140
758
1361
130
239
1287
1048
978
1626
1799
1376
1903
644
322
291
236
1136
499
1736
1767
125
107
341
552
98
1574
406
1896
696
568
701
990
199
640
1741
525
1403
1213
1690
1359
886
650
947
1083
1818
1025
1316
1842
470
1525
918
42
1891
62
862
1504
72
1708
1960
1359
319
55
103
1766
459
1465
1123
307
614
1912
1203
1817
709
594
1251
693
757
1349
77
434
162
685
1053
1942
604
674
1407
1044
967
1943
484
1781
422
1685
550
1794
122
1092
787
307
144
110
681
1998
884
1890
326
991
1845
257
139
1622
1737
959
592
1505
543
962
1368
552
1361
1854
307
1620
943
964
1049
1265
1115
1334
1120
825
782
549
989
1375
1261
1035
335
823
3
692
1550
1830
1116
1111
1957
1944
1808
831
628
486
458
17
410
357
51
128
488
770
1997
1939
1016
1934
1683
1578
1912
1941
136
745
1020
245
565
1821
1683
556
50
212
137
507
1255
34
1037
1872
591
911
1828
667
1766
1857
583
1305
245
293
561
433
531
857
1217
164
779
781
330
1037
1969
1407
1821
1311
1986
614
1239
5
149
922
1702
1863
957
1462
530
680
1907
373
753
123
633
1285
378
808
834
693
927
601
905
776
153
134
73
1454
1969
201
351
643
1525
1552
1797
1169
1546
1789
1171
1361
1272
1420
1961
661
774
1025
1117
1182
1468
303
439
1980
168
228
1566
1586
1757
1204
1406
1436
1273
1278
1322
458
1092
1675
1381
406
1627
1307
1637
1100
490
1355
816
1089
773
367
462
1908
797
1515
1689
816
852
685
691
1990
1456
1601
908
485
244
845
1943
1490
358
264
1870
1462
1356
1294
637
447
853
1884
1120
949
855
684
812
910
303
1878
635
1182
860
228
561
530
329
638
1781
1967
60
1905
1674
113
414
492
1099
1506
77
732
1968
1761
754
799
1278
163
618
1029
1770
1493
224
1617
376
1481
204
488
582
1860
646
1680
1211
606
233
640
914
373
1425
308
846
1297
1105
1737
585
686
1071
839
1278
346
1973
863
1133
630
627
645
972
52
1316
1086
1266
536
1535
1309
1369
1899
612
29
119
840
1932
1803
1905
283
56
1259
1317
1778
1002
34
422
1130
444
1519
1167
1946
906
1344
490
1376
1411
177
524
1305
330
1206
1260
525
79
1674
211
1133
409
162
155
558
1432
168
1882
1531
1959
994
1000
1146
1036
1182
1710
1007
1845
685
644
1260
229
1886
1223
762
62
1085
978
639
1688
1851
1592
1542
206
767
1167
862
206
1020
1018
540
1461
258
1975
1257
1656
1185
1013
509
1635
761
429
119
1436
419
1551
656
779
862
1266
1866
134
1960
572
441
1595
1624
727
1453
367
841
1567
1976
1551
1569
1091
33
1707
1455
177
264
732
542
724
1030
1397
1430
1263
205
1441
371
824
728
1233
13
295
1263
1733
33
1503
1350
1402
243
424
971
1548
1409
1822
472
1511
1790
1679
529
141
553
1193
1590
775
1880
362
286
1627
1858
1448
1632
388
475
1595
1900
1373
1481
1682
974
1397
450
1801
365
1797
677
1015
502
1280
1365
539
715
119
210
1582
1162
550
265
1059
1516
145
717
1919
1588
1070
1647
49
917
1085
676
161
73
1700
1164
539
19
1426
245
566
198
127
1608
1459
730
1500
1568
968
1914
610
462
569
645
1658
892
136
1983
1526
1272
1345
1407
1657
1810
327
1616
211
1459
1608
532
1637
1800
1243
488
1872
1551
719
1474
726
1134
591
579
775
94
1632
710
1945
1243
1248
1700
1547
1589
167
1169
1859
1082
1634
142
305
1204
1439
276
1420
1355
343
183
1169
381
403
68
657
1933
441
592
1776
861
1176
203
621
459
911
1974
357
662
430
887
345
700
321
10
172
949
854
621
437
1387
1276
1381
124
123
1750
529
1228
1406
498
787
1704
370
1872
1809
406
96
24
1732
1246
486
828
1873
1078
1647
1318
1865
1915
1971
683
1083
970
1924
317
459
24
678
1960
1372
33
383
1497
1955
1420
750
1382
94
1472
1521
376
1706
1350
1064
741
105
1110
1383
1461
996
1429
1144
90
410
315
721
1636
843
1794
230
1654
1079
245
1646
1310
1820
492
623
1615
358
229
1469
421
1121
300
1484
175
1110
562
265
1603
1638
1871
1789
644
1513
1013
1198
1069
1345
1974
1112
1754
1278
976
1591
691
308
1093
970
510
1334
1232
625
1036
1866
1378
1316
428
997
249
1904
145
1481
1154
1772
1160
598
1340
593
390
771
1249
581
1380
1060
196
1021
1689
1222
1526
1455
1422
1127
318
139
840
646
1540
298
530
1627
1032
618
505
1008
1925
1777
273
1852
1448
684
1032
943
1815
775
677
1371
709
232
1847
17
916
1384
1383
1721
1430
1002
860
55
497
1237
865
1559
1265
552
874
1067
1820
1027
563
47
730
808
578
1725
727
961
1907
520
264
637
159
595
1826
1147
956
1407
431
1721
1418
1819
1830
1445
162
195
1677
261
362
707
835
485
1133
690
513
881
1692
1367
133
859
1656
513
146
1163
1089
1275
1859
1585
184
1563
118
845
429
336
769
1766
1675
1638
653
684
1795
1456
1209
1646
45
583
1013
1340
29
163
601
682
1799
41
1031
845
1800
939
1973
1125
1469
509
1245
727
1503
1290
955
552
1741
332
1650
151
1342
1660
555
1628
874
745
1243
1162
551
1185
1783
374
1665
1286
231
1376
443
731
547
1704
1831
994
1964
889
749
1588
1664
1468
767
107
208
161
337
768
473
1304
1997
1773
575
473
198
1115
1154
707
124
19
1374
1563
77
1950
152
1532
1684
170
1399
12
1533
243
482
1760
45
829
1297
1394
1612
1876
637
33
1951
1268
1469
1895
64
1367
307
996
886
1873
1233
1297
1198
973
1208
692
1256
669
1180
1230
868
1438
1247
1139
284
1721
442
957
906
1013
1847
540
1121
636
1375
1420
1105
1331
367
1251
230
303
1546
1857
1919
1724
908
1489
169
1015
1905
932
344
1489
1235
994
854
1188
1147
649
758
255
1187
1670
1379
1358
291
782
175
476
298
461
1454
484
1838
358
771
579
1749
739
596
2000
169
632
1365
1365
1568
905
986
1637
1710
1009
781
1087
867
1281
1761
1119
593
1414
1601
55
592
1511
1065
1374
689
1321
1397
1710
693
565
1436
70
1242
113
1960
1140
34
1445
1222
1002
551
1860
869
1681
335
532
936
1725
952
1631
1404
1671
767
1987
1908
6
526
808
1317
1101
37
895
271
1799
710
490
876
240
1192
144
1794
1523
1946
631
1024
226
1128
793
444
937
1287
1303
744
150
1873
479
919
1531
737
376
610
168
1833
430
1055
324
1996
607
1500
786
874
693
1031
50
1854
216
1307
1214
919
904
586
924
1368
1739
369
274
315
924
783
202
967
1294
875
586
1709
1297
627
901
863
1404
1305
77
1398
615
1397
821
1120
1053
576
1584
965
1215
934
606
1951
177
901
369
1149
1936
294
1502
682
1757
81
561
467
1005
286
1198
1328
1411
772
161
595
338
1744
1944
1489
91
825
1988
1826
533
1556
1668
551
442
21
1134
615
635
1865
591
983
1302
1932
737
111
601
652
453
128
769
653
1198
1048
73
1175
1760
1481
1641
1629
277
1580
1560
1756
1743
1832
486
1578
766
560
349
91
477
1131
1038
78
667
546
1043
1855
561
1382
1947
1658
297
1974
152
1133
1027
5
1844
1647
513
970
702
680
86
1694
1507
400
88
1396
111
1068
439
1253
1659
835
1088
1985
1716
1950
1598
367
1032
1364
1126
669
443
419
1165
290
1628
637
127
1895
1268
1936
643
684
123
1628
936
433
1263
1231
1160
548
1958
405
46
1748
1752
1853
1748
1375
941
821
592
1730
544
1930
1195
850
1217
1466
830
1633
105
13
129
20
1167
936
1517
87
297
192
1740
1724
1936
315
1817
164
1646
72
7
1938
712
1301
254
1538
826
395
1344
626
1211
642
409
739
1221
1093
1717
45
243
1773
958
420
361
698
1478
1915
994
937
489
1181
606
151
390
1606
1914
1636
856
1045
262
117
1821
715
949
1790
1458
1318
1473
143
1658
83
1631
1302
1231
1004
726
1177
471
683
834
464
709
1095
1100
396
1976
1136
1393
1114
514
852
635
710
310
1555
1968
1438
134
147
1093
1721
690
69
180
1220
973
167
1373
565
1981
538
1349
984
1908
520
156
33
1913
686
64
1470
1843
955
144
600
1108
1228
20
1856
1613
1578
1397
639
560
590
439
1818
220
487
1218
134
1120
1373
498
115
538
1109
1790
887
1091
1080
1936
808
1460
1265
70
276
297
16
671
1714
623
1120
249
1872
614
1739
127
1026
849
144
791
1879
861
206
890
912
8
351
1025
126
412
953
775
1340
875
701
1027
1910
1884
1271
939
25
733
580
1986
239
1358
1341
1024
1813
1891
1380
718
696
46
1079
1830
1980
128
564
1561
874
1392
1241
728
1491
310
381
463
1528
1665
885
1187
458
1352
1920
1742
990
775
892
1860
616
170
594
1822
964
492
703
172
954
572
1644
912
46
416
86
1149
156
624
608
357
1343
102
307
954
1109
961
1430
1424
1489
1148
1574
475
1032
931
284
1137
702
967
1238
895
1038
237
1362
1343
989
360
1266
684
674
1333
39
1078
1627
1533
356
858
645
1603
1821
1626
1343
1391
79
983
1996
823
1502
1237
1345
1068
1386
844
297
1314
785
1215
292
452
1078
771
92
323
1896
1117
395
1903
1492
1212
361
1119
810
978
1604
298
1735
1590
24
324
476
1883
875
524
262
901
1124
35
1701
483
1889
1974
680
566
811
222
1908
1195
227
1158
1903
190
99
1536
707
197
1035
70
1464
1521
801
1369
1675
407
690
1749
1561
260
1188
181
649
340
718
746
397
169
620
146
671
260
800
490
1407
690
315
956
330
754
3
36
265
123
958
1495
1666
498
371
1783
1204
1748
675
405
1916
1903
419
948
1294
1530
1465
1881
1824
1360
1987
657
136
98
93
94
1001
1592
1270
750
455
582
213
1892
1735
1787
687
399
1170
1756
459
1420
839
1672
675
1596
787
1374
1553
1450
1365
11
439
622
1741
404
1010
892
1745
1154
515
1292
58
422
1745
953
1076
693
1531
485
1031
805
1409
1663
1620
903
1583
648
1105
464
1709
390
251
1926
903
1236
1158
1737
1368
16
1785
1720
1065
1104
1436
1654
1742
217
1407
1380
1902
1941
68
187
979
75
1915
150
610
1895
759
1260
119
1513
748
1988
389
1646
155
659
1911
1093
1942
551
1395
1394
3
1155
899
1960
372
873
886
837
1459
947
262
789
1431
306
999
592
1085
224
1220
988
1810
720
290
538
154
451
1076
454
1742
970
217
1266
1029
149
324
267
876
982
1133
241
330
742
648
244
1997
826
119
324
979
958
398
1276
1813
380
212
1365
1888
166
762
1267
631
1658
151
816
1133
517
1944
393
259
107
382
395
787
802
1394
478
1082
1889
591
1510
7
62
161
154
1373
1272
1906
1252
639
1867
897
305
267
1016
1157
573
357
1541
511
1845
143
1143
894
76
81
244
1130
417
1276
1516
1699
710
1681
502
329
1822
1559
862
1752
1464
788
996
353
435
1372
834
1638
701
459
1229
633
1766
205
946
598
451
1271
867
83
759
154
354
1098
1225
1273
1124
1461
241
677
29
978
1994
49
1924
285
1534
546
1185
1720
1850
676
1583
1416
518
1650
1372
1045
1101
868
630
565
1341
618
1643
363
38
1122
508
660
727
1811
481
1245
949
359
892
1843
1147
64
1110
206
1806
691
665
39
1334
632
1362
1617
672
329
1849
328
494
1215
448
722
1444
529
1615
712
1044
1120
205
1535
276
734
1587
1656
1829
630
1837
496
1187
1086
393
260
1852
1083
1033
196
920
148
1690
1723
270
185
1475
1984
1444
1601
1408
1475
1433
1849
282
117
1530
1942
1040
516
1845
1890
1348
965
476
1240
1037
903
1404
820
723
1267
1014
137
1357
1633
1705
337
284
692
168
819
373
41
1985
194
1094
1575
1147
1669
228
852
1596
821
6
1139
1614
890
490
1312
151
1509
1571
1688
323
387
734
1122
1058
1171
1186
858
1174
1077
1994
295
1280
30
1473
871
960
1308
415
582
222
1588
948
658
309
1277
1607
855
563
778
566
1532
395
613
105
116
404
286
1812
1042
828
18
1183
1103
1039
189
1174
434
24
2000
1830
1033
1849
275
65
988
76
1180
858
996
39
208
269
1643
220
1407
38
1548
663
490
16
1606
1848
1654
531
475
1555
460
334
1851
428
870
454
1362
1135
1270
615
1399
131
715
83
201
1830
1248
1589
1595
1382
440
1317
1929
490
278
985
1639
1943
1516
350
1101
1355
212
338
1703
1532
68
1341
571
828
1489
494
1644
210
724
1797
14
287
1839
527
823
860
498
1498
1825
91
1353
6
1486
1933
1030
66
1948
1334
1837
1466
832
788
737
1815
1332
1323
345
21
1160
823
1274
41
1720
1131
11
1445
413
1743
865
167
851
262
595
795
1295
1000
665
1147
1272
1537
701
407
1666
1578
953
1168
1156
1355
1995
1444
935
676
193
683
46
1991
840
1051
389
395
840
625
1651
659
815
1806
1806
1479
420
55
1487
1210
1389
321
1543
246
1162
806
572
853
1512
1745
1493
1513
655
1370
492
515
1275
1430
664
890
1268
989
647
1554
681
861
1293
859
213
1056
1276
1253
1887
889
1897
657
1953
1778
1289
258
245
496
1085
1156
916
1717
131
96
359
227
1391
215
1033
1302
232
1085
88
1852
529
249
1226
968
208
1604
327
1243
1739
1240
1085
623
1255
248
1511
282
1517
1666
28
564
1796
260
99
1696
368
639
1391
1687
577
1738
1836
1143
1750
662
1972
701
618
1068
1017
1187
669
1723
832
1729
74
257
1919
1876
494
1987
438
894
1861
1297
859
747
176
457
1915
1376
1727
645
1805
1592
703
443
1942
1379
1955
477
433
361
1657
1611
1428
843
1506
1411
605
384
66
1595
267
827
1790
757
563
1626
1654
274
1457
243
682
1985
1936
829
1114
1394
1387
460
1044
1751
375
860
1271
1889
732
1028
1513
1984
1356
789
1249
1892
600
1088
246
346
784
3
1750
1879
1149
1485
1686
1001
681
204
108
810
597
1039
328
1938
1283
1431
1722
952
783
1465
351
1982
1478
1224
1305
483
123
1390
266
984
36
1548
880
450
798
150
508
332
1749
1426
620
1943
53
765
1160
352
1506
1393
1257
1001
702
1684
1644
468
202
760
859
866
1482
1207
1955
266
810
729
648
1019
393
211
878
104
800
791
69
98
1818
749
860
1172
1942
646
1118
692
572
1877
1696
1396
1750
448
1435
1121
1374
71
484
357
1295
1578
659
684
1612
1699
1078
19
1442
1787
1558
697
817
503
1016
1664
1346
76
621
481
1086
1475
1449
37
1878
1198
1401
101
700
1861
1438
477
759
1301
1169
929
748
1540
1982
1362
883
1084
1610
1885
1694
1237
704
92
530
178
1805
30
1152
496
1926
1904
1308
812
1882
1196
971
898
1767
1951
367
869
1538
1153
1999
1727
139
398
1395
476
1437
895
181
1758
448
1548
1291
794
1666
902
370
291
1061
595
528
383
103
898
1218
1111
1795
1029
262
1412
1040
758
1192
1982
959
1943
122
1126
535
133
807
1911
173
1416
300
1707
316
457
72
857
1657
272
1183
1041
574
1198
1235
38
1262
1789
860
1042
1131
226
482
844
1526
252
1173
19
1684
1334
186
568
948
874
1756
1388
487
1880
963
1161
1181
828
58
1973
43
1354
785
550
116
1441
1102
1304
645
775
425
1866
400
177
426
835
201
1940
1321
1642
393
1191
1914
1922
472
180
1263
1557
999
1927
1134
1375
1172
320
1830
853
1567
1135
267
1163
1813
817
328
1039
369
365
1692
1244
1547
281
54
83
1241
403
561
1672
1653
1301
26
261
730
546
268
1227
1533
1557
675
1562
316
753
1105
1570
13
826
1444
1923
450
724
1943
1331
1620
1979
949
886
1565
272
427
1060
893
585
11
1554
1489
1360
249
435
93
71
646
1184
648
922
522
809
353
1874
252
1276
1239
1831
306
543
1083
143
691
1439
524
1786
1519
984
408
120
993
542
1708
467
1009
947
1994
1354
1045
933
1575
1875
1708
1480
1335
714
1822
1539
1894
1444
794
1010
510
1417
263
1955
1443
1346
1783
1954
610
615
798
1719
1403
29
1808
1696
1734
1563
991
1838
446
479
442
1386
1519
35
1382
1610
394
430
1023
725
1374
1395
1830
1858
1747
480
363
1737
1038
352
251
52
830
635
1980
1541
995
707
1402
1603
1459
1044
948
864
917
343
1304
1550
863
1024
1016
473
1735
675
1885
1736
1179
508
1117
1414
1462
79
250
1727
618
1918
754
1109
903
106
1000
1527
1725
995
1482
388
379
1894
1373
971
1746
578
740
442
986
1493
668
1284
1815
927
397
1310
1650
419
1962
248
57
78
1043
1746
624
740
1389
1564
1609
1916
85
122
1644
888
953
344
979
237
1370
1121
1535
389
72
1294
1131
1835
57
995
1127
546
58
418
1009
1091
1164
358
1012
516
1597
1558
1045
43
1701
1750
55
1086
1721
592
1069
1566
645
1746
1722
1296
543
701
1343
1211
786
1338
258
1406
792
408
1812
1258
428
1681
302
1371
204
222
1511
379
912
937
1372
1493
1262
1908
984
1846
1547
80
1485
1535
246
396
1161
903
1855
1064
899
456
923
1236
1025
307
763
550
1907
1117
657
1334
978
310
1063
899
1689
771
1159
1371
732
1438
1130
1008
1334
1539
287
737
84
206
1759
1914
1272
866
1590
218
299
742
1934
850
1668
1884
141
636
1325
253
208
1806
443
1207
1286
385
1475
338
1323
1406
1896
1247
1294
275
318
50
1158
1585
705
1831
209
1017
603
1748
1967
628
1609
737
214
931
1087
1699
1985
82
1011
537
1301
1102
46
430
588
343
320
353
1534
1990
1109
522
184
1156
1191
539
487
8
1885
129
1035
1955
1554
335
1790
342
1234
9
1992
1194
1496
1520
365
700
1840
726
943
576
1171
67
466
41
1061
1586
1620
843
1634
1787
1304
1300
1474
122
159
1781
450
180
311
265
1272
731
772
1143
1838
307
961
936
1763
577
1734
908
383
921
1931
447
1686
527
1234
575
1923
1285
1734
1406
1525
821
1522
1577
593
281
428
550
713
504
192
41
343
1572
894
408
1910
719
761
879
1010
1860
1456
1643
84
501
433
785
1540
1050
1710
431
1004
580
126
399
1811
457
1053
381
49
1034
690
1933
1492
598
386
1748
503
218
1882
184
789
617
1863
1426
1148
1546
201
1583
532
1307
30
1241
1069
1792
1719
1289
1989
897
1913
13
723
317
519
1237
515
495
54
1737
765
1028
1652
673
758
1649
882
309
444
1094
1511
1984
1469
1357
69
1197
1694
1098
81
1660
1565
857
1435
728
740
630
455
332
441
913
1974
1957
581
1239
1754
331
208
243
267
1512
901
714
1633
1098
1538
438
2000
291
1703
681
1140
930
1179
1785
101
595
1243
407
314
937
273
838
1144
1810
1527
1126
1118
1482
22
441
307
