1933
1520
2061
2593
2254
3602
3458
1511
1086
3442
2479
2110
2768
3209
2573
2817
1122
3249
3920
3602
1081
3035
3063
2548
3247
1519
2737
1628
2513
3587
2901
2195
1141
2850
2935
2619
2368
3508
3694
3064
2863
1991
3950
3644
3976
3238
2797
1099
2120
2742
1857
3355
3014
1756
3190
1578
3661
2541
1370
2921
1264
2844
1126
2366
1959
2053
3486
1799
2789
2755
3834
3630
3440
1230
2644
2764
2299
2165
3615
2631
2789
1006
2263
3069
3944
2538
2244
1074
2931
3406
1101
3914
1395
1577
2087
3961
3751
2753
1755
3810
3663
3632
3561
2262
2869
1107
1027
2979
1603
1609
3665
3838
3184
2944
1825
1606
2277
2956
1245
3231
1583
1367
2808
1781
3803
2251
2430
3457
3621
2575
1506
1532
2289
3254
3723
2233
3845
2985
2943
2136
1775
2826
2625
2819
1271
2524
2878
1981
2491
3055
2545
2482
3970
3129
1328
3963
2883
3051
1214
1374
3447
2659
1073
2746
3581
2825
1967
1572
2188
3594
2999
3372
3169
2210
3196
1859
1630
3080
1153
2466
2363
2304
1413
1245
2802
2466
2852
2206
1626
3907
3200
2271
3867
1401
3050
1057
3785
2564
2857
3758
3261
3633
2825
3388
2814
1504
1920
1611
3654
2588
3514
3698
2055
3067
3455
1094
3021
2288
2404
1186
3393
1136
1074
2928
1604
3968
1875
3698
3986
3465
2583
2052
1042
2108
1557
2696
3077
1152
3083
3810
2860
1339
1025
3658
2910
3367
2366
3350
2132
2798
3116
2981
3347
3097
1378
3705
2460
1874
3667
3599
3913
3335
3075
2992
1831
2199
1068
2234
2343
1450
1993
3291
1038
1727
2989
1887
2401
1867
3965
1338
3622
2203
2967
3749
1629
3195
2405
2025
3338
1376
3844
3935
2371
3141
2809
3685
2148
2442
2228
3733
1673
3018
1069
2977
1964
3421
1654
1381
2782
3007
1100
1170
3404
1080
3864
1961
2667
3482
2721
1282
3676
2865
3896
3083
3751
2109
3458
3062
2901
3500
1561
3503
3137
3664
1827
1466
2943
3944
2882
2230
2237
1164
2584
3785
3106
1772
3318
2501
2450
1923
2054
1954
2841
2309
2106
2594
2950
3156
1457
1274
1269
2111
2578
2846
1962
2190
2602
3240
2571
3868
2181
2974
1686
1496
2233
1409
3346
1064
3932
3520
2541
3920
3721
1931
2261
2542
1019
3064
3201
2921
2342
2644
3241
2412
2894
3782
1823
2891
1315
2067
1822
3165
1657
3820
1672
2687
2107
3452
2011
3629
2098
2230
2630
1928
2436
2342
1739
2635
3735
1535
3283
2006
1975
3053
1349
1959
3588
3186
1293
3973
3576
1755
3582
3280
3631
2874
2788
2650
1872
3318
3705
3773
3359
3742
2814
3445
3628
1202
2717
2909
2561
2297
1518
3751
2610
3905
3920
3049
1363
3795
3175
1446
2025
2491
2026
3917
1580
1118
2859
3001
1966
1367
1593
1077
3536
3641
1920
3350
1562
1862
3850
1674
3731
2529
3100
1343
2337
2378
1059
2168
2580
1065
1573
1509
2966
3277
2012
2351
2727
1906
3680
1876
3341
3639
1414
3233
1988
3970
1782
3928
2291
2529
3432
1175
1013
3674
1654
3990
2778
3560
3288
1138
2563
3745
1870
1908
3249
1394
2889
1814
3952
3112
1313
3596
1082
3831
2112
2119
1459
2075
1098
1612
3411
3033
2169
2761
2292
1937
1143
2269
3569
1196
1303
1713
3799
2163
2328
1776
3033
2113
3310
3166
3614
3224
3393
2881
2557
1240
2118
3088
2748
2932
3445
1063
3446
1786
1856
3675
3714
3079
3273
3014
1343
3000
2383
1695
1530
3193
2855
3280
3037
1055
2340
2825
2324
3684
1592
1761
1997
2754
1197
2263
1477
3349
1695
3019
2169
2943
1470
2049
2730
3483
1857
2830
1157
3989
3495
3821
3197
1857
3149
3306
2477
3435
1942
1691
2835
3830
2443
3813
2657
1533
1619
3678
3692
2074
1575
1224
3424
3782
2914
3366
3966
2917
2971
1377
2612
2618
3805
3553
2047
1874
2548
1137
1147
2594
2505
3446
2388
1384
1984
2195
2180
1842
2860
2596
2378
1138
3002
2899
1912
3158
1718
2846
2154
3734
2247
1686
3704
1820
3733
1740
1376
2777
1749
2105
1867
1042
2017
2288
2432
3539
1074
2349
2419
2098
3199
3347
3287
1260
3944
2694
2963
1964
2159
3040
1287
1846
3052
1852
1513
2404
2228
2828
3244
3845
3365
3603
3645
2560
1471
1220
1865
1006
2857
2831
3165
3173
1138
3159
1086
2678
2015
1323
1503
3458
2292
3659
3358
3318
3772
3911
2142
3913
1838
3855
2531
3234
1176
2387
2774
2869
3122
3730
3723
1033
1884
1250
2619
2977
1016
3680
1407
3591
3607
3963
2161
2452
1485
3123
2502
3935
1879
2563
2952
3956
3161
2134
3622
1388
1423
1344
1551
2932
2864
2906
3369
3358
2408
1083
2764
3938
1939
3881
3199
1167
2075
1999
1648
2182
3254
3244
3922
2979
3693
2910
3663
3376
2987
2770
1304
3898
3192
1086
1884
2547
3865
2478
3481
3515
1484
1257
1658
1881
2198
2100
2531
1684
2415
1662
3331
3855
1329
3635
3789
2879
2402
3299
1635
1414
1395
1009
2684
1092
3000
1104
2260
1666
1112
2207
3618
2528
2773
1503
3625
2645
3342
1828
1749
1058
2727
3644
1269
3306
1446
2712
2157
1263
1712
2543
1951
1843
1249
3699
2234
3015
2820
1709
1778
3117
1240
1693
1023
1494
2551
1524
2364
3277
1796
2893
1494
3922
2637
1360
2150
2166
2535
3649
2509
1119
3858
2094
3550
3273
3979
2102
1695
1421
3675
2861
3758
1498
3911
1678
3694
2281
2600
2830
1552
3581
3550
3772
3215
2378
2608
2853
3649
3937
3847
3593
2146
1686
1537
1156
3322
1473
3274
2198
2404
3655
1481
2519
3634
3112
2768
1903
1520
2636
2902
3835
1420
3805
1306
2575
3870
2771
3335
2040
2227
1951
3086
2198
2809
2007
3175
1053
2744
1300
3283
2347
1420
2397
3019
3665
2061
1389
3496
2016
3190
2532
2993
3279
2468
1045
3283
1571
3012
3782
3613
1074
1972
2629
2808
1236
2606
3532
2367
3071
3164
3993
3169
2938
3930
1031
1226
2782
1968
2720
1229
1826
2435
3129
2687
2316
3102
3550
1638
1183
1773
1011
3272
3557
2810
3109
1129
3061
1693
1529
3268
1817
3795
3719
3286
1055
2439
1202
3008
2424
2381
2452
3971
2608
1293
2027
2541
1909
3059
1938
3786
1672
3550
3508
3005
2849
3370
2947
1578
3390
1871
2752
3985
1270
1370
2528
3492
2473
3776
3542
2272
1981
1700
2657
3586
1883
1548
3958
2543
3384
3640
1054
2743
2136
1439
3157
1933
1591
3343
1647
1362
2656
3296
2912
3481
2924
3975
2664
2934
1391
2197
3616
1715
1823
1510
2872
2161
1901
2739
2178
2187
3675
1408
2592
3907
3670
3491
2396
1840
2163
1935
1082
1582
1960
1034
1566
3355
2334
2139
2848
3011
3514
2593
3887
3338
2120
2536
3932
2390
1097
1634
2456
3870
1219
1969
3939
3612
2465
1297
1947
1333
3054
2584
3911
3067
2769
2952
2412
1639
1824
2486
3308
3778
2790
3072
2147
3590
2301
3628
3788
2736
2503
3446
1248
1661
2203
1984
3083
2028
2072
1162
1399
2835
1407
1122
3801
2537
1460
1808
1865
1669
2849
2259
3053
2640
2933
2199
1783
1694
1100
1939
1618
3777
2168
3296
3424
3552
3269
3576
2932
3638
1913
2208
2419
3375
3197
1227
2722
3003
2610
2309
1204
2239
1397
1010
2259
3343
1625
3613
2783
3371
3042
2671
2920
3317
2367
1316
1079
2383
1457
1759
1464
1203
2699
3120
2327
3400
2490
2537
2598
1950
1498
3111
3811
2277
2924
3954
1295
2663
1893
2989
1774
2158
3447
1419
1715
3762
3096
3767
1306
2809
1863
1029
3994
3067
2800
1869
3202
3204
3892
3525
2045
1666
1702
2177
3018
3885
2324
2359
2080
1311
2225
2913
2912
2692
1953
2512
2381
1540
3510
1776
1326
2191
3383
1060
2525
3761
1242
2103
2325
2426
2082
2383
2551
3772
1513
2779
3246
2531
3999
2036
2117
3243
3424
1744
1225
1173
1163
2897
1161
2081
2056
2871
1758
3085
2768
2975
3191
2227
2624
2359
1715
1799
3304
3403
2438
1325
2102
1980
2161
1065
2683
2751
2664
2779
3618
2118
3873
2335
3286
3472
2461
3882
3588
2077
2556
1717
3133
2702
1853
1486
2457
3878
3288
1423
1502
3379
3734
3177
2942
2203
1918
2323
2347
3071
3882
2655
2779
1185
3186
1971
3045
1032
1008
1044
2289
1947
1651
1941
3136
3745
2217
2649
1628
3876
3883
3456
2851
1719
3262
1361
2736
1677
3612
3130
1405
2060
3448
2732
3250
3936
3069
1693
2587
2058
1503
1138
1298
1830
3532
3741
2544
1621
3204
2204
3375
1895
2369
2197
1788
3576
1665
3062
3794
1584
3284
1510
2550
1500
2887
3494
2352
3800
2563
2817
3297
2076
1450
1966
1182
3443
2603
3002
2009
1671
1693
1321
1080
1632
3562
2307
2476
3359
3027
1900
3418
2672
3753
1844
1151
3659
2594
1970
3019
2352
1180
2288
2355
2970
2218
3043
1163
2977
2416
1609
1395
3797
1357
2981
3640
1032
2017
1390
1403
2549
3012
3986
3443
1896
2862
3751
2472
2220
3585
3653
3249
1077
1720
3235
1680
1195
1721
3111
3535
2122
1621
1130
3619
2344
2806
2651
3839
1043
2191
3804
3871
1079
2204
1386
3572
2333
2719
1756
3532
3428
3444
2065
3677
3830
3459
3828
2189
2464
2272
1877
2268
3352
1305
1642
3408
3884
3402
3288
2915
1261
3197
3088
3612
1171
1601
3376
3277
3471
2263
3589
2581
2440
2658
1186
2346
3817
3103
2874
2560
3666
3971
3190
3686
3900
3087
1741
2080
1399
2936
2366
2444
2739
2333
3484
2337
2696
3723
1091
3716
3580
1533
3889
3556
1018
1446
2098
1365
1963
1091
1264
3504
2527
1582
3965
1722
1841
2727
3083
3826
1425
3573
1024
1579
1038
2673
1788
1777
3497
3161
1387
2908
1450
2815
3919
3745
3838
1944
3742
2616
1124
3324
3531
3761
1958
2356
3627
3625
2811
2587
2895
2326
3184
2100
2239
3290
2223
1224
2526
3992
2862
3172
2748
3137
1482
1663
1120
1513
2328
3516
2677
1724
1197
2856
1315
1844
2130
2386
2678
1986
1787
3296
3239
1584
1445
3218
3335
2501
2781
3694
2130
3449
1346
3525
2491
2551
3033
1250
1315
1837
1691
3536
1648
1230
2214
2728
1480
3161
1507
1133
2178
3751
2566
3142
2061
1534
1671
2823
2185
2197
1452
1888
3123
2459
3908
1733
2006
1221
2324
2491
3329
2638
2355
2665
1227
1444
1818
2126
3487
1261
1333
2701
3141
3643
2476
3229
1711
1860
2516
1036
3374
2511
2783
2705
1568
3201
1262
3363
2507
3159
1318
3172
1760
2453
2984
1945
2879
2501
1024
2130
1054
1820
1444
1816
1323
1946
2819
3550
2688
2015
2477
1880
1135
2259
2775
2228
2223
2160
1804
3161
1676
2174
3466
1615
1968
1745
3205
3611
1873
2761
2690
3956
3350
1621
1939
2502
1408
1472
1232
1333
1296
2595
1517
2631
2279
1079
2063
3810
2900
1235
3626
2389
1113
2825
3400
3792
2924
1891
1953
3992
3279
2574
3089
3312
2105
2541
3851
3623
2522
2738
2147
1666
3995
3071
2546
2430
2228
3502
1657
3805
3529
3301
1357
2774
2366
3916
1880
3492
2580
3561
2333
3290
2023
1430
3681
2386
3572
2842
2181
1391
2965
3603
1809
3327
2039
2768
2972
3370
1853
2049
1530
1077
3057
1553
2646
3439
1317
2840
2645
3959
3710
1433
2074
3160
1020
2276
2850
2298
1609
1446
2903
1627
1446
1218
1773
2458
3622
1152
2441
1047
2691
3970
2378
2696
3575
3613
2189
2383
1949
1339
1406
3686
2000
2604
2789
1480
2515
1571
2177
2844
3409
3182
2410
3878
1813
3536
2147
3878
1524
2361
3830
1262
3704
3389
1906
3369
1256
1166
1664
3261
2222
2425
1905
1977
3343
3382
2270
2138
1338
1804
3948
1976
1825
3544
1098
2212
3008
2877
2074
3570
2822
2272
3101
3447
2629
2445
2390
2264
2987
2904
2275
1052
3035
3424
1537
2519
1677
2366
1940
1639
2774
2702
2171
2309
1183
1810
2021
3076
1830
2971
2857
1521
3166
2957
2427
3369
3187
2374
3524
1880
3977
2265
3048
3255
1289
2873
3535
1355
2814
3148
2687
2853
1013
1105
1729
2269
1318
1539
2904
2265
2135
3750
3200
2372
1220
2835
1913
1259
2871
1734
1257
2557
2244
2968
3117
2033
1295
2206
3348
3489
3569
1578
2513
2296
3709
2878
1714
2751
3467
3464
1522
2995
2544
3119
1332
2439
1310
1477
3422
2819
2821
1136
3090
1596
1503
2831
3667
1408
3631
3984
1723
3051
1478
2998
3937
3336
1098
2572
3669
3464
1479
1722
3489
1196
1628
2700
1793
3104
1550
3326
3689
1841
1073
2899
1340
1763
1426
1047
3692
3717
1981
2344
1883
1703
2852
3996
1195
3961
1715
3895
2166
1836
1973
3962
3109
2417
2494
1186
1970
3822
1664
2219
3827
1635
2460
2346
3151
1644
3204
2903
1780
1515
2360
1737
1093
1183
3745
2725
1220
1006
2780
2556
2770
3682
3636
3492
1428
2444
3732
1568
1712
1791
1245
2393
2176
3369
1459
2940
1690
3889
2052
3838
2140
2909
3382
1131
2170
3582
3621
3772
3504
2506
2791
2537
3502
2764
1348
2947
3440
2418
3328
3809
2054
1221
3743
3775
1651
2672
3962
1542
1726
3324
2879
1525
3564
2016
3211
3249
1807
3498
3361
1705
1373
3838
1598
3317
3208
2661
2857
3201
2786
1613
1090
3898
3154
2232
1328
1494
2342
3082
2948
3752
3794
3454
3937
2833
3422
2893
1134
1158
1415
3700
1681
2823
3526
1965
1893
1605
1101
2091
1267
2341
1125
3552
2964
1240
2031
1230
3031
3238
3367
2052
2596
3242
1508
2221
3280
1334
3241
3935
1500
2060
3196
1266
2357
1063
3084
3505
1799
3781
1373
3009
2249
1186
1313
3090
2600
3654
3307
3825
2293
2585
1834
1081
1049
1389
1091
3605
1465
2483
1033
3161
3366
1965
1518
1833
1191
1620
3119
3266
1092
1887
2223
3322
2496
2312
3659
2605
2938
3580
3449
1842
3169
1031
2941
1054
1422
2161
2190
3642
3779
2990
1912
2131
3950
3396
3053
3910
3317
3005
1517
1112
3357
1269
2193
1775
1313
3260
1449
2894
2116
2467
3167
2533
1134
3696
3480
3275
1799
2732
2371
3941
2024
1030
1938
3676
1293
2541
2613
2218
2362
3578
1401
3004
1026
3873
3643
1527
2293
3574
2592
2054
2269
2200
1544
2492
3818
2710
2783
3262
3577
3664
2114
3702
2021
1704
1908
2232
1750
1422
1951
1288
1868
2081
3940
3064
1764
2084
1585
3757
1188
1027
1610
3848
1945
2065
1711
2413
2168
2464
1948
3631
2826
3321
1179
1096
2461
2448
1791
3195
1824
1867
3909
2975
3277
3239
2283
1219
1403
3039
3058
1996
2495
1129
3433
3566
1195
1224
3262
3108
2435
2320
2959
1685
2377
1351
2903
1218
2489
1425
2148
1181
1807
1909
2624
2103
3167
2897
2539
2330
1702
1272
2341
1220
3774
1584
3367
1924
3966
2190
2418
1111
2689
1222
3012
1219
2740
2292
3633
1261
3778
1199
2851
1488
3109
2154
1955
1613
2482
3872
1034
2154
3535
1752
1977
3921
3530
1185
1895
3791
3681
2619
3184
2135
1657
2269
1467
2891
2236
2689
2528
2480
1574
1888
1587
2635
1339
1795
1168
3539
3673
1700
3302
2540
1349
3147
2112
2166
2074
3042
2362
3873
1549
2892
2002
1101
1461
2795
1458
1093
2754
1784
1239
2615
3978
3217
3988
3418
1286
2792
3327
2800
2867
2286
3126
3650
3130
3598
1809
2731
1682
3526
2455
1297
3319
2367
1705
1447
3921
1618
2994
2076
2533
2922
2949
1415
2198
3187
3485
2391
2260
2370
1102
3363
1837
1746
3001
2753
2545
2465
2150
3773
3527
2974
3367
2397
3372
1296
1061
1996
1161
1689
1499
2624
1846
3076
2586
2446
2582
2895
3837
2828
1944
1781
2547
3886
2569
2364
3521
3735
3634
2207
1501
2570
1436
3497
3367
2476
3568
1937
1129
3102
3479
2651
3412
1361
3461
1492
3810
2172
3978
3334
1988
3505
3581
1275
1714
3636
1311
2616
3092
1052
2097
1780
3350
2442
2638
3597
2955
3196
1529
1171
1592
1800
3130
2680
3042
3684
3528
2042
1449
1428
2664
2921
1581
2420
3603
3874
3098
3639
1006
3549
1870
2525
3925
3493
3645
1496
1266
1413
1763
1214
1661
1077
3936
2140
1668
3371
2362
1906
3712
3776
2687
1902
1788
1007
1554
3545
3643
3325
1872
1784
1805
1837
3060
3591
2701
2432
3978
1344
2910
2532
1710
2325
2256
3734
1994
2391
2854
3777
1432
2467
2929
2869
2052
3192
3761
1717
2934
3951
1943
3370
3670
2328
1996
3270
1095
3366
2944
3452
2651
2239
1738
2870
3328
3285
3670
1218
2995
2827
3224
3876
3773
2508
1811
2238
3345
2620
1322
2435
3489
3155
2695
3517
1805
1415
1567
2565
3784
1251
2474
2938
3980
2404
2969
2778
3098
2939
1200
3746
3308
3770
3911
2427
2584
1794
3532
1400
3643
1950
2731
2157
1513
2120
1536
1299
1682
1479
2795
2204
3470
2066
2490
2558
3727
1759
1100
1323
2343
2843
3930
1385
1448
3940
2526
1778
3124
2341
2555
2548
2153
1870
3888
3740
2299
1240
3592
2770
3834
2183
3704
3313
2647
1835
1660
3960
3284
1240
2672
2249
2158
3296
1788
3199
3189
1409
3267
2654
1575
2992
2041
3490
2246
2715
3479
2391
1892
3026
2056
1999
2167
2648
3619
3132
3068
2261
3422
2185
1821
1628
1317
3764
3205
2423
2125
2992
2633
2631
2484
3583
2353
3944
1944
2786
2709
3338
2670
2706
2338
1568
1229
3719
2585
1125
3306
1326
3053
3394
1495
3996
3201
1727
1281
1490
3291
2633
2202
3526
3024
3424
1435
1519
2007
1313
2370
1655
1545
1679
3623
1178
2861
3702
2959
1790
2478
3973
1355
3479
3398
1241
3515
3510
3146
2442
1888
3465
2050
2216
1846
1407
2638
1022
3659
2817
3405
3820
2341
2898
3877
1739
1214
1892
3974
2968
3199
2883
3099
1898
1598
2221
1952
3727
3335
3433
3243
2711
2881
1211
2972
1703
1872
3504
3070
1944
1878
3780
3210
1246
1858
3529
3842
1238
1493
3488
2516
3029
3111
2828
3071
1136
2304
2566
1338
3327
3792
2189
2347
1477
3812
1155
1556
2005
3175
3312
2274
1528
2756
2279
2297
3744
3431
2128
2604
3374
3962
1705
1733
3479
2021
3040
1685
2641
2681
3331
1599
1229
2143
1412
1127
3095
1355
3224
2579
2245
2766
1305
1981
3359
2827
3110
1400
2696
1310
3570
1576
2822
3100
3290
2247
3826
2943
1114
3346
3182
2451
3328
3066
3886
3067
1948
1213
3354
1677
1172
3536
1961
1234
3342
3561
2657
2552
3771
1342
2458
1030
2270
2986
2734
1213
2796
3420
2820
2426
2451
3690
2170
1361
3020
1419
2318
2754
3816
3432
3470
1147
2452
2725
1574
3277
3180
2750
3726
1189
1412
1602
1284
2841
1591
3175
2471
3470
2230
3414
1935
3351
2346
3034
1958
1220
3299
1629
2272
1429
2948
2861
3081
2299
1551
1059
3866
2108
1025
1976
2584
3515
1934
1001
3789
1251
3598
3365
1547
2652
2253
1621
2390
2329
3297
1143
2587
1971
3640
1021
3193
1236
2302
1747
3788
1102
1692
1915
3126
3829
1824
1050
3817
1518
1956
1978
1114
2604
1193
1029
1689
1293
3584
1706
2977
2348
1997
3218
3978
3349
2669
1527
1192
3555
3028
2547
1352
2028
1210
1657
3831
2074
3683
2537
1122
2967
3292
3617
1148
1727
2518
1939
1438
2738
2756
3735
2928
1767
3519
1352
3545
1300
3554
2579
2877
3416
1772
2400
2730
1503
2921
2456
3509
3010
1671
2771
1158
2041
2782
1188
3035
2891
2479
2943
3201
2141
1382
2997
3374
1419
1784
3192
3456
3454
1308
2080
1390
3227
1557
2833
2036
1948
3686
1189
1636
1504
3475
2833
3103
1787
1144
3608
3808
2909
1033
2429
3312
3029
1971
2221
3836
1204
3187
1798
2466
1909
1117
3402
1793
2046
1917
1771
2174
3186
1587
3102
2653
1101
1539
2274
2653
2466
1465
1631
2118
3958
1152
2127
1845
2045
1074
1411
2672
1212
2579
3527
3418
2047
2685
1080
2759
2315
1428
1097
3162
3437
3242
3928
2573
1435
3732
1187
3647
3176
2579
3243
3415
1605
2569
1507
1731
1494
1858
3618
2410
1940
2672
2671
1504
1370
1781
1356
2877
3911
2561
2129
2517
3292
3101
3119
2005
2846
2091
3612
3788
3659
2769
2285
3746
2804
2054
1032
2247
2774
1956
2658
3494
3087
1590
3392
1323
2954
2845
3420
1177
1858
3657
2800
1414
2349
3246
2598
2258
1896
1261
2096
2130
1256
1121
3471
3603
3207
3256
3203
2161
2739
1628
3234
3605
2845
2571
1453
2820
3444
1346
2473
3491
1442
2271
2917
3250
3119
1671
3823
2550
3046
2981
1710
3301
2407
1768
3363
2103
1196
3244
3391
1440
2038
1640
2732
2114
2627
2290
1259
3687
2279
2210
3302
3327
3640
3691
2998
2577
2682
2529
3461
1031
1440
1355
2889
1560
2637
2091
2942
1401
2935
2507
1855
1393
2809
3186
3427
1466
1257
3528
3333
2505
1822
3332
1625
2129
2722
3844
3424
1777
1187
3139
3325
3931
3181
3052
1007
1628
2868
2822
1624
1157
3860
3055
1611
2984
2926
3396
1799
1490
2117
3078
2494
3378
2485
1720
1590
3052
3342
2284
1352
1626
3455
1340
2015
2977
1296
2280
2713
1478
3670
1568
2236
2746
1220
2896
3389
3078
1228
3980
3409
1458
1248
2809
3278
3890
3783
3008
2095
1380
1566
3276
1597
2823
3247
3829
1595
2107
3554
1688
3298
2839
3880
2387
2769
2905
1199
1140
3972
2515
2334
1208
3106
2396
3484
1394
3267
3145
3135
2198
1327
1299
2641
1681
2425
2053
3214
2473
1230
3184
3061
1096
2683
3227
2049
3090
1930
2232
1730
1928
2155
1665
2305
2116
3175
2415
2595
3540
1331
2434
1272
1103
3564
3143
2686
1296
1261
1871
1917
2782
3938
3053
3748
1214
1048
3789
3064
2403
2127
1582
2524
1807
2213
1146
3917
2993
3140
1927
1686
3054
1635
2542
3527
3366
2170
2561
2403
2061
1994
3653
3474
1680
1379
3046
2529
3401
3157
3249
2162
3760
1759
1414
1507
1688
1483
3343
1078
3289
3649
1644
3803
2946
2861
3245
2215
2403
1641
1963
1247
1166
1561
1147
2212
2607
2697
1387
1305
1415
2525
1205
1394
3736
2349
2868
2515
2898
3792
1149
1828
2029
3639
1917
2022
2594
3507
1661
3195
1768
2604
2956
3635
1277
3477
2795
3818
3446
1405
3179
3496
2627
3674
2158
2393
1855
2606
3475
1506
2281
1636
3866
1133
1833
3768
1042
2236
2811
1091
2906
1638
2367
2710
1143
2020
2430
1171
1970
3822
3985
3182
3943
3617
2249
1170
2807
3645
2426
2563
3232
1814
1986
3375
3314
1821
1451
2503
2243
1608
2268
2125
1243
1174
3068
1673
3098
1734
1974
1671
2636
1245
3430
2159
3651
1224
3584
2976
3129
1321
2739
1325
2095
1981
3702
3874
1492
2461
3690
3820
1670
3073
2794
2686
2020
2847
3698
3425
3537
3471
3535
2280
3765
1297
2877
1931
2631
1401
2608
1780
2614
2987
3552
3862
3644
3301
2501
3499
1295
2426
1892
3198
3500
3564
1382
1299
3275
3423
2172
2180
3520
3288
2494
2452
3735
2720
3019
1887
3681
3689
1796
2090
1973
1330
2897
1874
2768
3813
3171
3153
3568
1643
2650
2143
2976
3030
2233
3303
2113
2619
3165
2254
1299
1310
2220
2852
1359
2357
1395
1799
1135
1909
1220
1352
3880
3032
1039
2981
2671
1434
2456
2274
3146
3575
1115
1490
2179
2457
3013
1976
2222
1843
2055
2642
1524
1239
2741
2985
2492
1886
3141
1867
2771
2753
1410
3299
1616
2775
3130
2640
2418
1146
2955
3901
1167
2147
1259
3324
2432
1727
3574
1787
3958
3224
2826
3902
2882
2277
1222
3324
3587
2669
3975
1584
3315
2619
2221
1494
1352
2006
3157
3347
3921
1259
1279
1651
3917
3428
1028
3942
2665
1265
1565
2000
1891
3084
1674
1196
3174
3191
1805
2976
2192
3331
3084
2432
3559
2746
2690
1819
2987
3290
2792
3234
1317
1336
3634
1549
1060
1258
3718
3188
2521
1443
3033
2617
3190
1842
3144
3343
3457
1163
1270
3521
3212
2245
3276
2753
1521
2735
2100
2546
2536
2549
2457
3576
2552
1207
3999
1450
1682
1246
3538
1105
1368
1047
2015
1238
1551
3257
2767
1745
3719
1665
3979
2972
1523
2594
2270
3350
3286
3360
1949
1127
3644
1846
1457
2611
2114
3908
2257
2583
1731
3935
1402
2153
3746
2751
3722
3147
2756
2218
1893
1878
2674
1572
1943
1926
2846
1432
3442
2172
2224
3785
2337
1094
1573
3918
3028
3749
1563
3248
3332
3474
1644
2207
2373
1129
3707
3440
3688
1202
1312
1381
1641
3082
3964
3687
1473
2014
3294
1008
3610
3094
1974
2060
3857
2474
3112
2774
1303
3811
2157
1905
3636
3606
1568
3640
2680
2034
3774
1695
2221
1081
3050
1024
1405
2345
1289
1251
3689
2229
3093
1502
1619
3547
3695
3949
1788
2366
1149
1602
1754
2597
2407
2771
1125
3079
3519
1437
1503
1604
2135
3309
1266
2779
1264
1091
3108
1808
1898
1085
1823
3862
3222
1858
1550
1482
2682
2202
1539
3255
2759
2606
1053
3135
2988
1950
2333
2543
3628
3351
1104
1753
3657
2092
2259
2593
1273
2927
1899
2163
3731
1808
2717
3793
1348
1073
1223
2243
2413
3339
3793
1344
3701
3706
1360
2612
3570
1237
3659
2357
1371
1739
2557
1343
3536
2900
1336
1133
1764
3334
2840
1913
2291
1065
3403
1335
1609
3280
3114
2780
2953
3917
2240
1476
2703
1982
2661
2066
2515
3233
2889
3203
2949
1164
2518
3236
1957
1028
2934
2957
2149
2245
1574
3012
2298
2483
3368
2410
3760
2336
2676
1312
1788
2979
2831
1842
1863
1644
3521
3792
1331
1124
1598
2503
3280
3946
2276
3074
1554
3938
3224
2521
2620
1441
3779
3334
3649
3814
3186
3949
3605
3554
1783
1261
2556
3771
1041
2272
2886
3676
3806
1881
3468
3835
1828
1793
1296
3460
1376
1869
2408
1982
3489
2765
1151
3466
3557
1947
2536
2223
3829
2261
3316
2767
1599
2462
1672
1104
1790
3921
2663
2159
2119
3366
2961
1348
1134
2841
3636
3552
1034
2930
1948
3938
1290
1275
3708
2211
2536
2936
2102
2138
3749
2419
3501
1991
2240
2177
3367
2698
1234
3361
3810
2733
3743
1431
3989
2487
2362
1891
2546
3501
2565
3829
3917
2043
3736
1786
1792
3523
2292
2339
1613
3564
3980
1540
2544
3675
2260
3501
1418
1531
2161
1429
2592
3002
2835
1957
3005
3564
1125
3691
1632
3142
3120
1647
2176
2853
3452
2605
1548
1710
2019
3894
3597
3681
1586
3898
3917
2367
2495
1925
3474
3580
2766
2077
2245
3539
1384
3980
1163
3256
3380
3611
3215
2550
3640
1362
3849
3106
3446
2999
1079
3413
1431
3361
3149
2673
2715
1728
3386
1670
1200
3356
1647
1212
3013
3602
2985
3321
1477
1573
1425
3444
2805
1055
1377
1983
3621
1830
3240
2943
1127
2560
1404
3809
3739
1807
2549
3975
1646
3178
3753
2962
1856
2746
3910
2310
2227
3525
3311
3337
2646
3821
1060
3481
2462
1888
3107
1815
1655
2449
3080
3016
2242
3757
1132
3245
1664
1478
1279
1927
2772
2669
2971
1423
2955
2850
1024
3835
1464
2298
3375
3289
3761
2346
2941
1383
1558
3354
2653
3695
1823
2222
2629
1912
3943
1743
2330
2582
3734
2772
1053
2638
3820
3174
3930
1815
1386
2950
2473
2990
2776
2296
1639
3076
2321
1040
3047
3396
2066
1814
1329
1375
2565
1051
2631
3599
2450
1334
1511
1300
2963
1366
2092
3957
3495
2633
2340
3217
2285
2998
3536
3941
1245
2939
2020
1827
1068
1126
1313
2648
1309
2366
2219
1123
3350
3281
1979
1986
3859
3069
3841
3389
1944
3076
2787
3057
2977
1740
1497
2921
3429
2288
2537
3080
3725
2923
2743
3641
3565
3539
2796
1416
2833
2584
3079
2575
3544
1083
2291
1658
2094
2568
1680
3938
2035
1723
1735
2972
2530
1837
2271
3636
2090
2398
2712
3922
3325
3254
2112
3624
3817
1191
2880
1021
1605
2007
3851
3889
3768
2477
3247
1331
3378
1744
1327
2625
3955
1556
1239
2503
2703
2473
3316
2704
2957
3289
3913
1569
2943
3668
1019
3184
1067
2633
1013
3002
3930
3586
2284
3024
1067
1715
2619
3598
3982
1852
1257
2828
1849
2051
2397
2762
1240
1206
1528
3245
2401
1874
3196
1059
3523
1350
2153
2286
2692
1341
1264
3681
1218
1177
3429
2762
1556
2588
3789
3084
1691
3980
2833
2972
2367
2987
2411
1454
2335
2490
1712
3797
2997
1383
1722
3402
3370
3283
2630
1944
3800
2439
2961
1335
3747
2330
3976
1214
3678
2926
2693
1515
2381
2090
1351
3247
1591
2349
1696
3480
3709
3984
2457
1539
2968
1928
2814
3391
2557
2560
3279
3808
2269
3257
3109
2899
3575
1490
3506
3604
1182
1067
1129
1294
2438
1379
3791
2721
2178
2616
2973
2152
2510
3449
3518
1551
1826
3572
2002
1882
1449
3380
2594
1923
2108
2930
3632
1189
2649
1638
1495
2564
3198
3672
1702
3846
2367
3795
1114
1191
2274
2983
3809
3661
1378
2789
1906
1438
3611
3666
3390
2710
1197
2781
2085
2659
3855
3584
1758
1639
1949
2691
2172
3746
3048
2299
1367
1771
2917
2870
3118
1909
1479
3942
2430
2691
2092
2478
3900
2390
3863
2903
2710
1326
2444
3830
2285
2709
2190
2199
2729
1290
3830
2857
3641
2958
3513
3121
2109
3899
2140
1842
3036
2165
1067
2430
3334
1160
3241
2196
1703
2161
3028
2707
2017
3715
1442
1724
1251
1724
3471
1466
3382
3490
2022
3471
2116
1828
2685
2567
1005
2402
2959
1739
3802
2982
1786
3582
2470
1460
2325
3209
3395
3496
2952
2262
1446
3518
2058
2151
1017
1419
3788
3284
3194
3426
1712
3065
1267
1688
3364
2451
3086
1767
2079
2531
3031
3854
3301
1339
3048
2619
1380
2187
2145
1616
1270
2090
3351
2373
3980
2683
1512
1235
2455
2608
2184
3274
3917
3096
3588
1501
3279
1524
3572
1250
1850
3534
3458
3640
3537
2934
1089
2257
3056
3586
2950
1954
1757
3916
1608
1281
2442
2912
1546
2150
2945
3399
1878
3770
1309
1960
2747
2933
3574
3058
1767
2150
2140
2105
2542
1653
2688
1221
1707
2681
3326
2966
2223
2328
2564
3463
3679
3767
1617
1514
2831
1553
2038
1493
2508
3465
3801
3088
1729
1951
2995
1918
2836
2934
2675
3888
3634
3481
2987
3876
1382
3833
2137
3193
1198
1594
3722
3607
3264
3484
2128
1808
3476
3286
3424
3708
2579
2554
3220
2357
1393
2280
3729
1014
3980
3439
2310
3611
2273
2346
2873
1322
2119
2650
3335
3122
1912
2024
1404
2859
1330
1344
1265
3738
3312
1480
2269
2600
2346
2338
2576
1909
3069
1851
3956
1033
1469
1951
1750
3858
2970
1713
1063
2688
2642
1853
1326
3177
2432
2879
2503
1476
2575
1652
1314
3164
2127
1257
3586
2197
3046
2099
1977
3342
2364
1406
2281
3674
2593
1498
1084
1520
3591
3672
2206
3221
3687
2875
1805
3763
2895
1878
2689
1870
1817
2796
3692
1629
3113
2460
1561
2060
2820
2269
1631
1060
1103
1177
1594
3933
1156
2422
3223
1582
3660
2752
3266
3790
3258
2275
1394
2856
3643
1745
1064
2060
3497
1249
1064
2308
1775
3712
1881
2254
2861
2782
2331
2572
1803
2722
1039
3486
3739
1979
1679
2869
2590
4000
3128
2652
2927
1107
3635
3486
2223
1695
2233
2576
3775
3412
1900
3799
1333
1465
2479
3846
1143
2963
3614
1574
1079
1211
2072
2836
3200
3013
3293
2711
1393
2344
1821
2890
2300
2133
1395
3923
3328
2946
2530
1946
1724
1342
3284
1125
2162
1914
2049
2709
3735
3512
1370
2858
1303
3479
1799
2133
3037
1547
3169
2698
1676
3666
1463
1343
2460
1706
1769
3206
3029
1885
2114
2688
1315
1265
1666
3561
1148
2411
1707
2790
2891
2220
3541
1249
3194
1473
2888
1162
3180
1816
1251
2583
3839
3695
1091
1000
2338
2597
1776
1166
3347
1969
3827
3887
3035
3082
2325
1285
1363
2935
3631
2965
1279
1393
3410
2019
2910
2418
2899
3382
3010
2348
1424
3585
3829
2004
1120
3224
2741
1950
1217
1629
1031
1951
3932
2281
2645
2453
2701
2826
3730
3236
3363
1051
1575
1244
2930
1440
1025
2581
2949
3783
1210
3556
2986
2609
2103
2420
1207
2943
1362
2898
3628
2308
1702
1559
3934
1852
1893
1737
2995
1979
2608
1101
2989
3867
3400
2981
3600
3869
1907
1582
1268
3278
2536
2592
3147
3287
1545
2058
2335
3895
1162
2801
1756
1697
1647
3579
1889
2353
3604
2115
2316
3728
1914
2879
2770
1932
1506
1890
1381
2331
2125
2823
1692
3513
1208
1884
2677
2802
1799
1441
2427
2727
3345
1159
1986
1245
3213
1173
1227
1051
3723
2480
2941
1921
1370
3971
1920
1768
1532
2606
1131
1196
3223
2385
1885
1076
1470
3575
1104
1376
2380
1727
3282
3167
3319
3624
2459
3286
3868
3326
2469
2382
3290
1604
3843
2688
2357
1623
2676
1749
3748
1206
3384
3296
1753
2185
2485
3836
3711
2309
1239
2308
3784
2398
1563
3072
3214
1105
3784
3532
1167
1495
1518
3300
2578
3112
1224
1382
1330
1028
3146
2739
3419
1218
2627
2358
2564
2582
3957
2886
1951
2337
1220
3456
3688
2326
1545
2188
2584
3255
2531
3686
3973
3635
3513
2475
1143
3890
1286
1799
3486
3633
1211
2956
3868
2893
1794
1273
1625
2234
2073
2192
3469
1998
3688
3678
2083
3344
1904
1823
3567
2097
3070
3167
1022
3170
1176
2110
1038
3371
3669
1006
1477
1387
3374
3014
2665
1486
1760
2996
1657
2890
1445
3098
3279
2256
3955
2623
2975
2265
2366
1434
2711
3378
3004
1476
1927
2734
1189
3496
2650
1378
3933
2405
2501
2269
1521
3997
1411
2455
2414
3438
1250
1949
2778
2165
1132
3471
3426
1056
1434
2761
3938
1023
3006
2152
1412
2545
1693
2232
3901
1820
1647
1028
1597
1127
1891
2843
1093
1373
3944
1015
3481
2704
3937
1523
2641
1513
2684
1860
2047
3486
3889
2033
1942
2648
3590
2247
3134
3552
1726
2336
2294
3818
2679
1976
3588
3034
3224
3907
2867
2366
2908
2931
3495
1103
3931
1289
2563
3854
2767
3336
3859
3752
1732
1421
3295
1538
3041
1172
1904
2647
3151
3888
3414
2642
2583
1037
2669
2875
3539
1143
1653
1137
1871
2578
1198
2648
1075
1887
2623
1098
1004
2314
2724
2636
2647
1181
3671
3597
1369
1922
2474
3964
2987
3799
2497
2931
2388
3762
1685
1515
3396
3733
2769
1849
2750
2140
3685
3462
1413
3926
1191
2987
1252
3156
1499
3017
1316
3501
1022
2801
1576
2930
3354
2907
3218
2568
2391
2222
3997
1489
3775
3111
3749
2707
1649
2664
3515
3730
2249
3306
3070
3916
2232
3055
3141
1010
2669
3976
3777
2631
1114
1177
3789
2685
1369
3170
3556
2524
1536
2987
1558
1847
3860
2598
3678
1881
1484
1108
2029
3971
1086
3882
2999
1561
1498
1439
2686
3003
2074
3898
1312
3560
3401
3605
3546
2149
1139
3476
2402
3782
1751
1539
2440
3062
1479
3889
1009
3155
1541
2331
2941
3208
1887
2348
2343
3909
2483
1626
1440
2161
1065
3995
1833
2127
1398
3323
1607
1914
2415
1542
1581
3250
2843
3137
1711
2815
1265
3426
2612
2505
1892
2038
2804
1698
1212
1601
1114
3478
1812
2252
3340
1844
3694
2445
1614
3437
2511
1699
1965
1580
1704
1570
2351
2558
2543
1550
2819
3888
3960
1831
2431
1462
3409
3621
2004
1846
3358
1278
3639
1632
3475
1449
3116
1321
1822
1467
3633
1631
3737
3191
2845
1685
2241
2501
3349
2447
3337
1126
2000
1593
3789
1293
2120
2454
3877
3942
3315
1949
2434
2676
1992
2531
3891
2528
1317
1126
2086
2910
2265
1547
1373
1703
1972
1403
3670
1564
2336
3291
2196
1550
2259
1305
2721
2757
2719
3054
2954
1275
1693
2424
2900
1269
1012
2631
2329
1011
3158
3944
2577
3713
2439
1573
2615
2856
3192
1524
3378
3712
1195
3734
1163
2386
1865
2750
3564
1688
2803
2166
2150
2656
1366
1877
3308
1507
2191
1564
3331
1047
1105
3472
2998
3122
3102
3961
1507
3981
3297
2497
2477
1418
2254
1851
1430
1682
2037
1774
2329
3516
2870
3194
2446
2192
2883
3928
1227
3593
1687
2460
3355
2038
1083
3280
1131
3208
3516
2621
3853
3926
1849
1765
1238
1995
3138
1232
2587
1275
1542
2344
3957
1658
3716
3002
2904
2948
1771
2261
2274
3512
2018
3074
2649
2429
1738
2379
2130
2224
3143
2448
1497
3450
1107
3413
2527
1562
1767
2334
3241
1873
1693
2368
3753
2090
3093
2276
1648
1408
1989
2798
1422
1922
2957
2937
3746
2801
1726
2575
1289
2512
1312
1972
2423
2404
3694
2507
1030
3666
2161
1512
2041
3580
3812
3394
3363
1969
3461
2396
1104
1841
3622
2119
2613
1829
2044
3396
1230
2384
1047
1878
3742
1769
2371
1502
3678
1815
1587
1562
2896
3596
2820
3408
3991
1427
2835
2357
3109
1815
2749
1550
2746
3185
2532
3856
1969
3617
1565
1445
3673
2458
2183
1644
3080
3744
2087
1750
2408
3548
1408
1159
1188
2161
2041
2414
3277
3731
2681
3870
1003
1698
1164
3538
1339
2338
2433
1261
1947
1555
2524
2857
2113
2990
1649
3691
1939
1345
2795
2600
1015
3259
3268
1283
2036
1551
1709
1707
1048
3896
3376
2136
1171
1202
3024
1738
2635
1838
2187
3988
1040
3705
2434
2093
2484
1715
1393
3781
3638
2360
1007
1898
3523
1453
1694
2273
2064
1333
3859
3235
2940
3631
3130
1233
1300
3098
3661
2243
1499
1062
1042
2762
3966
1962
1410
3223
2073
3209
1514
2523
3279
1404
3120
1445
3731
1630
3275
3364
3207
3204
1331
3924
2323
3176
1537
1223
2060
3273
3901
1706
2305
3692
2585
3299
1374
1831
2030
2494
2624
1204
1300
1301
1893
1059
1306
3941
3290
1617
3639
1255
2363
3269
3097
3014
3940
1803
3866
2512
3334
2617
2699
1253
1645
1883
3539
1820
1295
2106
1402
3332
3026
2491
3938
2752
1998
3649
1499
1854
3993
1333
3617
3760
3335
1191
2045
1782
3902
1296
3313
3081
1812
1752
3759
1739
2135
2761
1320
2474
2912
3753
1745
1205
2606
2958
2553
1177
3458
3758
1638
2396
3419
3145
2330
1625
2048
3546
3453
2797
2968
2219
3053
2257
1120
2611
1116
1478
2438
2845
3420
2900
2959
2399
2269
2181
2842
1055
3474
1628
2852
2925
3504
3346
3636
2689
1982
3215
1505
2622
2198
1685
1963
2396
2759
1504
2372
1357
3160
1416
2252
3725
3232
3697
1594
2927
1781
2179
3753
2158
3702
1308
1582
2349
1229
1257
2836
2095
1669
3898
1992
2244
3614
3647
1779
2960
2618
2666
2439
3787
3273
2677
2848
3040
3352
1396
3489
2187
2488
1847
1274
3491
1312
1713
1965
3204
1341
2113
3043
3422
3663
3705
2843
2390
2625
1329
1706
3322
1547
2785
1499
3133
3258
1979
3111
2482
2832
1457
3487
3455
3643
1531
1273
1023
3658
3802
2641
2972
1260
1617
2874
3868
2378
2370
2467
2791
1040
1071
3428
2914
1383
1945
2520
3892
3879
3269
3294
2022
2089
1478
3830
3035
1914
1440
1724
1926
2563
3172
1893
3531
3795
1417
2530
3490
3873
2811
3213
3597
3573
1027
1823
2181
3852
3290
1816
2858
3613
2064
1609
1365
2086
1214
3543
3166
1161
3600
1298
1866
3177
3061
3286
1769
3715
2511
2579
3957
1049
2273
1459
3428
1184
3225
1938
3606
1999
2069
1804
3929
1659
2887
3841
2760
2341
2445
3947
3417
2387
3942
2622
3723
3986
1193
2575
1193
1578
1417
2786
1603
3589
3155
1661
1316
1406
2642
1337
2545
3819
3200
3526
3835
1906
2322
2969
3801
1978
2130
1884
3575
2979
1469
2121
1139
1022
3510
2222
3098
1135
2087
3619
2095
1392
1627
1449
1141
2212
3952
1608
2917
2867
2305
2071
3764
3850
3433
3235
1661
2635
3144
3350
3314
1067
3146
1034
2241
1488
2867
1285
2667
3174
3378
1952
3929
3649
3635
2383
3960
3837
1739
1142
1501
2791
3899
3382
3305
3443
3994
2523
3985
2316
1143
1397
1481
1220
3202
2165
2822
2750
3653
3615
2201
2853
1096
2180
3164
2551
3001
3042
1096
3781
1052
2509
2172
3937
3570
1864
3563
1945
3784
2744
3435
3637
1431
2878
2318
3569
2686
3417
1659
1707
1224
2514
3899
1898
3265
3368
3915
2377
2221
3705
3829
3034
1547
2215
2949
1728
3379
2713
3888
2237
2876
3252
1117
3448
1541
3535
2031
3539
2474
3207
1364
1857
2846
3044
2749
1080
3942
3736
2531
1567
1388
2550
3822
2199
3381
2490
2601
1854
1935
2324
1273
1980
2217
2246
2039
3276
1814
1635
1518
3705
1287
3957
3772
3775
3136
3168
1831
3637
1444
1282
3211
1556
1378
3956
3173
2625
3723
3327
2369
3952
3738
2028
1773
1020
1328
3597
1369
3860
2876
1444
1205
3037
1614
2663
2068
1202
3296
2577
3204
3630
1888
2565
3578
3355
1682
2231
3735
2141
1539
1380
3001
1786
3515
1198
2373
3541
1929
2709
2887
2726
1831
3600
2748
2391
2117
1831
2461
1155
3174
3787
1307
3037
1886
3964
2168
3010
3638
3648
3276
2942
2535
3019
3287
1496
2809
1351
3999
1218
1388
2559
2703
2000
1603
3995
2507
1400
1224
2254
2682
3978
1465
2713
2144
1244
1083
1388
1393
1457
2660
2326
3172
3977
3329
1618
3183
1443
1013
2170
2277
2516
3898
2617
1728
3371
3660
1854
3142
3997
3973
2809
3569
3689
1437
2481
3379
1502
2974
3540
1999
2864
3802
1786
3845
2781
1604
2762
1483
2373
2239
2145
3917
2029
2081
1762
2551
1815
1710
3603
3551
1938
2844
2887
3965
2487
1484
3773
3474
1923
2346
3048
1972
3991
3589
3926
2160
1263
1580
3947
1240
2631
2548
3422
2907
2795
1438
3711
2568
1149
2260
3885
1407
2698
2203
2180
1980
1844
1624
3557
2151
3182
2177
2727
1872
3113
2589
3967
2086
1546
2759
1058
3012
2690
3360
2261
3105
1079
3910
1827
2522
2249
1992
3787
3861
1389
3552
3760
3496
2333
2654
3002
3954
3602
1845
2376
1416
1081
3353
2994
1073
1013
3304
3379
3062
1663
3624
3281
3859
2457
3061
2526
1279
1424
3272
3289
3828
1176
3749
1486
1576
2158
1084
2429
1785
3658
3019
2951
1600
2413
2930
2438
2228
2839
1979
3899
1233
2162
2085
3372
2468
1075
3440
3782
3956
2674
3505
1491
3000
3577
2803
3160
2294
1733
1624
1180
3983
3502
1643
3835
1814
2571
1309
1195
2521
1045
2131
2058
1980
2287
2454
1609
2913
2419
2924
3054
1810
1933
2801
2043
3029
3950
2318
2148
2164
2832
3642
2129
2945
2267
3545
2638
2520
2315
3075
2275
3109
1996
1615
2674
2797
2672
2302
1877
3624
1611
2019
2761
3699
3475
1807
1623
3710
1861
2316
2738
1684
1599
2626
3885
3606
1155
3176
1813
3771
3453
3987
3288
3990
3256
1240
2055
2945
3645
3000
1622
2871
3228
2605
1761
3894
2728
2417
3194
2130
1338
2788
3839
3756
2599
1569
1260
2694
3841
1964
3389
2127
2452
2032
3308
1202
1026
3895
1543
1527
3171
2956
1989
3985
3625
3717
3657
1966
2066
2017
1894
2457
1632
2142
3871
2434
3278
1837
3591
1271
3374
1303
3866
1531
1916
3457
2270
3696
1375
2067
2403
3772
1723
3314
3446
1169
3312
2983
3622
3134
2027
3921
1447
1231
3489
3357
3300
1420
3161
1897
2439
3003
1603
2260
2832
3530
3419
3359
3710
3530
3986
2347
1905
1897
1004
3121
3530
2730
2950
1476
2713
2823
1502
1800
3895
2604
3913
2728
3489
2192
2549
3406
2121
2940
1109
3787
3277
1738
1241
3886
3735
3371
2741
2541
3985
2163
3552
3673
2152
2702
2479
2343
3399
3686
3304
1779
2836
3408
2895
1765
2097
2070
2236
2883
3661
2889
2600
1168
2940
1425
3576
1864
3101
1329
3862
1597
1476
1897
3137
1348
1655
1649
3229
3472
2256
1605
2612
2373
1355
1015
1559
2018
2411
1133
2969
2042
3022
2760
2733
3970
1674
2109
2531
3222
1704
2130
2934
2504
3271
1088
3741
3391
1208
3857
1048
1048
1204
1684
1941
3449
3530
2094
1284
1987
1132
2108
1045
2989
3433
3883
1794
2087
1896
3757
1933
2760
3832
1107
2194
1839
3354
3398
3603
1159
2603
3216
2110
2411
3274
1005
3902
1294
2693
1995
3471
1647
1121
3892
2951
2227
2987
1654
3062
3162
3350
1175
1219
1063
2715
1639
1832
3871
3376
2523
2180
3294
1528
3170
2607
2282
2381
2452
2599
2219
1213
2864
1461
1359
1135
1171
3742
3293
2400
2986
3677
2902
1058
2656
1543
2618
2386
2595
1154
2401
1754
3558
3507
1445
3223
1884
2012
1772
1631
2219
2989
3435
1271
1669
2471
2478
2875
3166
3332
1499
1763
1390
3333
2429
2959
2443
1682
1995
2320
3970
3474
2297
2125
1900
2365
3125
3434
2004
2404
2116
1419
2214
2282
1621
3582
3177
1460
3178
2044
3832
3681
3591
2375
2228
1073
3787
2686
3666
3332
1964
2754
3770
2880
3645
1749
3978
1626
2118
3910
2864
2268
2327
3721
3969
2057
2152
2850
3077
3163
2018
3069
2932
2294
1719
3761
3126
2527
3972
2504
1623
2709
2330
3486
1710
1990
3984
3216
2746
2834
1379
1838
2404
3583
3468
2914
2133
2110
1466
2940
3940
3005
2000
3249
2499
3676
2191
1647
2536
3907
1926
2661
1290
1067
1562
2727
3025
1767
1968
2883
2674
1179
2717
1196
3214
2534
2752
3977
2864
2161
3925
3211
1540
1973
2245
3224
3332
2866
1399
3998
3355
2562
1573
2540
1459
3011
3316
2230
3308
3606
3394
1841
3236
2685
3886
1562
2206
3790
2990
2093
1405
3302
2758
1714
2501
1274
3107
3372
3228
3549
1137
3250
3324
1878
1493
3178
3845
2638
2274
2604
3485
2178
2370
3589
3655
3269
2000
1519
3568
3832
3890
3681
3650
2328
1097
1967
2893
1007
2011
1215
3541
1624
1685
3969
2926
2782
3979
3335
2204
2315
3624
1926
3558
2566
2094
1446
1509
2037
3119
3560
1495
2238
3566
2213
3583
1613
2200
3733
1782
2203
3613
2307
2327
2943
1058
2364
3481
2660
1942
2383
3880
1417
3607
3913
2980
1974
1900
3734
1841
3748
3958
1917
1976
2726
3174
2032
2500
3766
1074
3101
3305
3809
3992
1652
1374
3042
1582
3385
3151
3097
2669
1532
3825
3051
2487
3389
1930
1131
1656
1250
1214
3762
2549
2563
1389
1856
2814
1364
2800
2504
1507
3606
3852
1242
3787
2952
2443
3279
2152
1347
1042
1087
3746
2620
3366
2680
2913
1804
2017
3888
1838
1586
2133
3492
3057
2698
1079
3147
2172
2691
3290
1028
1823
2047
2257
2911
2865
1414
2840
2234
1817
2839
2740
2100
2290
2704
2521
2248
1297
1149
1146
1898
1099
2368
2031
1561
1929
3255
1713
3562
1692
3135
2410
1767
1616
3010
3020
2299
2544
3167
1672
2220
1174
3751
1235
1067
1673
3640
1126
3903
1296
2581
2202
1894
1460
3973
3566
1696
3199
3519
1409
1104
2506
2804
1140
3610
1913
2924
1624
2112
1728
1729
3521
2544
2212
2203
1586
2956
1839
2179
3156
1556
2278
3377
1436
1942
1274
3389
2763
2382
1594
1302
1998
1340
3693
1185
2679
3095
3307
2144
1817
2839
1730
1199
1043
1566
1396
1223
3032
1104
3469
2870
3809
2163
2738
1925
3677
1798
2274
2715
1893
2416
2084
1793
1122
3205
3383
3154
3854
3849
3426
2290
1863
3592
2119
1344
1738
3880
3850
2931
3325
3817
1426
3364
2005
2714
3599
2502
3992
2006
2970
2084
2553
2022
1933
1156
1360
1881
2382
1709
2394
3777
3876
1735
3041
1939
2413
2802
3707
1887
2639
3283
2950
3350
1519
3279
1250
2892
3260
3362
3081
3233
1814
3391
2247
1384
3303
2656
2014
3815
3458
3261
2875
3298
1022
3399
3839
1439
3697
1132
3419
2539
2608
1469
1033
2990
2250
3190
3214
3255
1775
2433
3896
1951
1093
2334
3060
1454
2719
2650
2413
2540
3799
1893
3751
1599
2191
2500
3005
2030
3603
2717
1909
3500
1630
3907
3698
3391
3556
1331
1994
1150
2297
2568
3411
3837
2872
2246
3642
1068
1649
3018
1415
1412
3764
1857
2426
3051
3242
3545
2475
1749
1647
3061
2924
1675
2824
3989
3080
3961
3267
3488
1173
2799
3757
3989
2706
2944
3456
3903
2477
3217
2750
3079
2300
2822
1309
1219
2669
3944
1317
2543
1221
2004
1405
2143
3380
1257
2519
3363
1211
3813
3837
2096
1612
2196
3650
2762
1410
3335
3072
3458
2487
2688
1580
2881
3421
3470
3363
3572
1909
2580
2364
3048
2062
3846
3708
1747
2318
1628
1278
1935
1909
3054
1629
1592
2740
1223
2713
3687
3291
2051
1395
3300
1624
3737
1629
2249
1167
2297
3395
2146
1084
3283
2943
2080
2036
2932
1818
1341
2530
1951
1740
1238
1844
1716
3070
1558
2850
2942
3222
2555
1206
3479
2754
3307
3315
1208
3058
3739
1581
1634
2272
2208
1203
1018
2853
3168
2733
3974
1117
1989
3517
3192
1830
2451
1541
3987
2949
3672
2402
1570
1019
2005
1421
3829
3420
1317
3501
3718
3480
1637
3314
3718
1295
1246
1260
3094
3554
1979
3823
3525
2685
1696
2685
2428
1251
3627
2854
2593
1493
2711
3807
1713
3593
2779
3299
3162
1531
1951
2950
1120
2836
3925
2927
2124
3448
3342
2736
2512
1026
2259
3271
2964
1694
1151
2476
1253
2857
3166
3057
3840
2228
1028
2329
2154
2793
1349
1785
2894
3941
3797
1580
2644
3226
1202
2939
1405
3714
3001
2276
1238
1241
2758
3895
3855
3450
3843
3846
2130
3443
2624
2021
1204
3612
2654
2658
1103
2071
2094
1624
2916
3639
1419
2409
2430
1864
2228
1680
3319
3505
3737
1732
1064
1678
1461
3524
3612
3439
1512
2641
1936
1684
3157
2174
2636
2294
2399
1093
3079
1246
2898
2829
2681
1742
1446
1389
3985
3901
2251
3385
1240
3826
1496
1415
2672
1074
2859
3233
2303
1615
3500
1029
1488
3346
2000
2674
2860
3914
3982
1050
2394
1036
3847
1443
3593
2840
1645
1656
3510
3838
3144
3730
3278
1167
1034
3180
2760
3700
3918
3276
3982
2459
3470
2716
2409
3203
2831
2606
1111
2407
2031
3060
1609
2187
3253
3999
3072
1391
3840
2752
3710
3303
2700
3974
1985
1627
3400
2708
1459
1539
3964
3983
3720
1918
1956
3742
2870
2167
2232
1501
1840
2999
2673
2300
2314
2818
3338
2915
2140
1178
3349
1650
2904
2333
3578
2229
3902
2362
1819
2100
2208
1259
3205
1224
3367
1882
2965
1958
2400
1135
2160
1832
3249
2027
2432
2172
2576
3990
2370
3531
2304
3293
3859
1645
3434
1496
1607
3826
1676
2986
3194
2236
3390
3141
2948
2903
2249
3389
2590
1063
2672
2346
2270
2799
3313
1411
1967
1565
1908
1837
2302
1033
1117
3318
3735
3462
3204
1816
3354
1879
2181
2784
3218
3527
1164
1778
3558
3532
1533
2627
1774
2637
3599
3852
1933
3338
3892
1276
1963
2025
3920
1695
1620
2332
3889
1434
1781
3135
3579
1598
1113
1092
1195
3168
1576
3872
2776
1647
3883
1909
2118
2142
1105
1787
3636
3883
1152
1579
2780
2712
2933
3318
3066
3633
1391
2852
2770
3618
3579
2318
1191
3955
3236
3280
1678
3064
2912
2362
1944
3649
2280
1385
1640
2027
1781
2508
1375
3936
2822
2836
2786
3850
3679
2559
2487
1645
3714
2865
1284
2457
2761
2632
3559
3022
3160
1646
3000
3886
2919
3442
1477
3930
2165
2316
1449
3222
1757
1355
1827
3443
2570
2747
3732
2609
3140
2258
2697
2300
3060
2969
3209
1369
2004
3433
2365
1343
2314
3648
2006
1514
3319
2363
1205
3896
2741
3141
3792
3947
1731
2781
2934
1931
2743
2002
1666
2851
1924
3067
2127
3253
2047
2452
3123
2743
1420
3392
2010
1341
1764
3661
3966
1920
1296
1223
2204
1329
1186
2237
1304
3113
1403
2007
1876
3935
1871
1038
2461
1340
2174
2390
2064
3592
1109
3661
2216
2864
2074
2743
3272
1518
1367
2705
2646
1026
3491
3844
3610
2043
3828
1071
3469
1549
1849
3962
3976
2979
1174
2270
1521
1444
1214
2819
3227
2057
2769
3100
2467
3913
1775
3542
3090
3707
1000
1297
2601
2688
2913
2518
1015
3315
1735
3016
3889
2876
1224
3953
3980
2195
1513
2776
3229
2986
1477
2986
2093
3485
2292
2808
1639
3897
2110
1367
2930
1875
3944
2736
3420
3557
1829
3017
2134
1351
3144
3110
3847
3762
1288
3864
1746
1833
1305
2983
2075
1930
1167
3619
3627
3818
3615
2165
2584
1663
2671
1035
2824
3386
3829
3326
2469
1512
1365
2242
1980
1960
1082
3390
2745
3402
2699
3474
1880
1106
3275
1488
2953
2551
2918
3965
1973
1229
2266
1245
2463
2772
1217
3076
2787
2128
3768
3385
2395
2862
3705
1707
1744
2642
3662
2945
2290
2472
1865
2871
3238
2877
2862
1808
3954
1053
2294
1562
1521
2886
2883
2503
1540
3702
2728
3306
3660
1292
3830
2156
3707
1031
2700
3386
2067
3554
3205
2251
2191
2103
3998
1380
2163
1136
1412
3595
1567
1745
1549
2858
2634
1651
3184
2432
2798
3882
3483
1105
2591
2433
3406
3193
3623
1704
3921
3805
3085
1183
3422
1608
3321
1655
2901
1177
3972
2435
1952
3368
3616
3172
1207
1296
3827
2617
1901
3566
1097
1088
1216
2578
1964
2310
2354
3009
3002
2195
2448
1632
1207
3025
1103
1924
1814
1368
2274
1554
2607
3779
3943
2211
1202
1941
2983
1266
3068
1003
2946
2466
1006
2636
1903
1445
3970
1145
1128
1847
1735
2098
1904
1888
1554
3303
2133
2845
3014
3642
1887
2616
1936
1423
2581
2896
2556
2900
2185
1978
2690
1835
2169
1138
1672
2506
2401
1123
2735
1859
2312
3595
1011
3613
2331
3033
1890
1289
3627
3811
2186
1795
2808
2713
3860
2857
1890
2417
3993
3221
1130
1369
3839
1909
2782
3198
1576
3076
2506
2092
3614
2426
2787
1511
3266
3223
3457
3375
2851
3611
3491
3381
1078
1506
1711
1035
3790
2866
3062
1333
2700
2875
1120
3506
2084
2093
2720
2364
2780
3406
2901
2018
3939
2332
2424
2526
3571
2766
2908
2542
1506
1033
3474
3092
1128
3215
2047
1027
2683
1352
2579
1118
1197
3948
1038
1090
1332
3695
3912
2844
2237
1346
2358
3476
1681
1222
2886
1179
1715
3065
1022
2398
2160
1809
2292
2304
3126
2575
3913
2659
3889
2592
1036
3820
2715
3124
1923
2990
2891
1475
1675
2981
2298
1019
1325
2232
2809
3173
2815
1795
3403
1970
2637
2218
3670
2402
3963
2004
3112
2956
2697
2344
3236
2933
1685
3613
1794
3196
2379
2255
1367
2003
3122
3714
3706
1853
1490
2634
2711
3206
3152
2107
2090
2703
2554
2209
2182
2491
3076
3664
3818
1358
3451
2983
3768
3042
1086
2380
2131
3604
3577
2934
3288
3729
3385
1768
1486
1013
1006
2577
1194
1274
2789
3205
3305
2106
1858
1831
3023
1910
1111
2544
3808
1124
2002
1601
2790
1627
3086
3232
2559
2879
1945
1819
2244
1792
3439
2756
3964
2047
3785
2952
1910
1322
2867
1626
1109
2888
1750
1869
3451
3928
3361
2510
3182
1768
1819
1098
3718
1954
1950
2213
1583
3428
2024
1087
1953
3390
2084
1111
3894
2517
1222
3226
1257
1581
1243
2869
1858
3117
3702
2106
2066
2796
2415
3351
3929
2332
1524
3840
1208
3772
2909
3045
3380
2417
2553
3420
2689
2471
3614
1232
2928
1087
1080
3956
2661
1785
1934
3594
3909
3834
1649
2664
3241
2216
3870
2198
2753
1404
2775
1376
1836
2488
2944
3447
2302
1499
1195
1619
1678
2297
1634
3578
2743
2184
2709
1029
1922
1194
2740
2530
2445
2496
2088
2732
3435
3901
2440
1737
2876
2932
1061
3982
3929
1337
1766
3874
2541
2010
3261
1305
1314
2966
1006
3294
2027
1355
3179
2876
3558
1522
1935
3757
2082
2548
2038
2714
3023
3449
1594
2850
1231
2051
3626
1181
3190
1078
1146
3462
1342
3700
2694
2228
1904
3293
3188
2717
3912
3250
1246
2789
3227
1523
1448
3199
1115
3720
2967
1282
2285
2949
2385
1691
2718
3917
1665
3533
2457
2007
1611
1691
3792
2799
1898
1058
1903
2466
2182
3486
2585
1545
2863
2532
1990
2336
3952
1764
2964
3455
2710
2433
1404
2495
1690
1885
1413
1150
2722
2725
1796
3822
2981
3493
2361
2186
3294
2034
3369
1797
1874
2775
1420
3822
2583
3504
2586
3848
3244
3816
2850
1849
2388
3566
1665
1751
3824
3539
3961
3939
2414
2996
2720
1885
3514
1248
1215
1078
1122
3439
1823
1173
3754
1828
1109
1129
3662
1436
2099
2201
1452
3320
1895
2720
1396
1147
3158
1954
2484
3998
3053
2537
2508
1386
2095
1536
2599
1270
3004
2430
1924
2432
2885
1213
2221
3150
3173
3968
1648
1844
1301
1818
2879
2708
3336
3220
3737
2759
2767
1724
1952
1607
2216
2510
2410
3839
1178
2723
2398
3232
1618
3659
1768
1631
2517
3601
2367
3462
1962
1934
3577
1182
2672
3530
1815
1636
1630
2620
2172
2278
3545
2911
1597
2893
3568
3259
2921
2462
3256
3881
2290
1580
1415
1162
1961
1178
1072
2061
2008
3323
2047
3252
2517
1484
1164
1579
1047
1211
1610
2486
2416
2774
3344
2977
3857
2596
3759
3039
3965
3525
3871
1295
3771
3450
3967
1743
1170
2114
3108
2601
2090
1879
1962
3681
2437
2879
2586
3316
2612
2799
2629
1796
3998
3210
2066
3693
3876
1721
3635
3339
2804
3275
3564
3618
2391
3190
2690
3546
3990
3342
3258
3374
2393
1805
3249
1938
2220
2240
2133
1540
3764
2431
3167
1882
2905
2335
3314
3291
2352
3778
2720
2823
2114
2057
3883
1611
3031
1358
3854
1574
2927
1531
3802
2276
1730
3320
3356
2898
2451
3776
1599
1483
3299
3321
1524
1955
2046
1506
1797
2335
1842
3991
1645
2791
2125
1579
1412
3140
2003
3460
1677
2979
2069
1174
3686
2266
3153
3129
1286
2629
2218
3452
1634
2556
1588
3757
3468
3446
2820
3353
3228
3468
2315
3524
3195
3370
2754
2634
2176
3546
3377
1406
2934
1424
1394
1476
3579
3928
2846
1784
2280
1939
1468
2999
1600
1882
3377
3352
1672
3120
2520
2327
1782
2836
2546
1231
3773
3714
3723
2034
3847
3130
2017
2859
2439
3814
3336
3910
2982
2729
2945
1179
1459
2213
2129
1815
1664
3114
1628
3437
1916
1680
2122
2810
1635
3792
3242
1361
3149
1917
3947
3003
3805
2046
3313
2836
3476
2798
1056
2735
2066
3632
3077
2136
1424
1676
3238
1040
2966
1118
1347
3943
2235
2189
3036
3281
2876
2152
3177
3158
3070
3661
1036
2931
3597
1456
1570
2972
2601
2763
3305
3678
3899
3970
2070
1379
3465
1948
1434
3513
2763
2192
1193
2488
3099
3801
1758
1544
1652
1451
1873
3458
1383
2323
1208
1780
2779
2173
1139
2687
1928
1489
2806
1580
1850
2322
1271
3501
3938
2838
3632
1418
3793
3684
2524
4000
1444
1045
1861
1186
3413
2702
3768
2589
3814
2126
2275
2025
1805
2438
1884
1312
1096
3597
3503
3459
1803
3709
3736
2788
1137
1642
3105
1302
3301
3119
2431
1443
2529
3944
3040
3031
2618
3927
2466
2576
2523
1485
2588
1009
3706
2411
2130
1403
3371
2590
1318
2569
2021
2441
2069
1946
3141
1339
3413
3350
2281
3799
2682
1175
2286
3238
1742
3384
3658
3300
3214
2076
3698
3050
1476
3962
3127
2003
3162
3473
3242
3677
2515
3096
1876
2338
3807
2220
2850
2352
1554
1439
3963
1676
2327
1033
1887
1744
1303
1854
2256
1583
1691
1963
1098
2177
2573
1417
1368
1647
2197
1085
2447
3499
2451
2719
2448
3101
1568
2402
3134
3443
2585
3161
1506
1102
3880
1460
1611
1369
2029
1268
3005
2656
2373
1797
1920
2236
3433
3850
1604
2870
2408
2193
1711
3358
2588
2262
3392
2607
3613
1616
3722
1412
2124
2486
3151
2889
2255
3848
1375
3021
1439
1170
1515
3512
3745
3798
3841
3658
2521
1192
2161
1873
3837
2431
1110
3612
2535
2537
2365
1411
3895
3384
2907
1263
1641
1983
1917
3970
3018
3697
1834
1016
3695
1025
1822
2824
2929
1917
1001
3267
1588
3894
3620
2513
1113
2208
3153
1584
3702
2294
3708
1811
1552
1404
1887
2778
1132
2530
2890
1404
3993
2591
2438
1655
2065
3676
3176
3243
1133
3524
2608
2453
1329
2267
1260
2220
1088
3329
1918
2753
2025
1410
3821
1696
3223
3395
2993
2444
1826
2083
2684
2008
3558
3536
3153
3835
3000
2123
1854
1395
1415
2773
1542
3335
3091
3004
3845
2347
2948
3812
2633
1917
1901
1572
1007
1702
2039
3789
3738
2385
3355
1403
2933
3581
3522
2830
2971
3494
3459
3007
3232
3755
2774
1097
3950
3071
2861
1667
3204
3946
3159
3858
2584
2919
1558
2590
1907
1296
3569
1791
1012
1003
2608
1694
3919
3233
2966
1782
3302
2790
3418
1014
2665
3602
2270
3590
3662
3907
3188
1633
2260
2485
3994
3962
2025
3134
2746
1871
2174
2485
2703
3994
1059
2240
3306
3562
2735
3990
3915
2659
1073
3010
1543
1877
2895
3433
1225
3443
2630
1298
3800
1062
2417
2595
3492
2536
3069
2657
3960
2094
1238
3521
1777
1000
3440
3330
3463
3073
1698
2852
2877
1957
2210
1668
1770
1907
3991
1898
1399
2755
2705
2522
3282
2232
1090
3889
1694
2486
2622
1533
2082
3569
3397
2590
2553
3862
3018
2292
2111
2719
2142
2174
1286
3466
3321
1259
2162
1264
3649
2883
2009
3976
1848
3045
4000
1893
3783
3865
2545
2221
1163
3100
2483
2063
3079
1413
2593
1939
3153
1335
2010
2395
3568
2931
2603
1664
2252
3589
3494
3179
3094
1418
1046
3691
3454
1975
1835
2480
1162
1636
2055
2406
1023
1651
3606
3923
3954
3439
2243
2380
1588
2442
2071
1684
1930
3318
2633
2411
1772
2633
1803
2420
2675
2761
3280
1153
1081
1256
3393
3583
3989
3407
3282
1703
3424
3420
3385
3728
2233
3243
3669
1851
2079
2792
1742
1889
2259
3775
2628
1584
1048
3125
3044
3478
2224
2001
3341
2008
3814
3097
3673
2373
3142
1373
3979
1168
2463
3974
3444
2473
2699
3594
1822
2959
1626
1161
3600
1238
2136
3923
3910
1140
1355
1813
3196
3421
1300
3040
3717
2044
1713
2028
2565
1642
2241
2367
3847
1962
1061
2677
3502
1295
3410
2489
1054
3444
1205
1549
1310
3543
2686
3647
1741
1317
1165
2614
1603
3846
2330
1742
2360
2673
2733
3251
1775
3571
2207
1145
1835
1852
1343
2764
3577
1454
2006
1540
3069
2198
1681
3041
2094
2588
1781
2150
3053
2791
3776
3245
2229
3992
3341
3421
1885
2271
3989
1650
3289
1075
2106
1630
2978
2195
2912
1452
3137
2235
2739
1389
2497
3215
1008
3372
2553
3558
1418
1924
3255
1152
2788
1552
1943
2820
1613
3560
1680
3281
1111
3157
2209
3879
3215
3317
1548
3037
1781
1891
1545
1496
2776
2106
1416
2585
1547
3713
2783
3578
3444
2310
1904
3826
1841
3343
3623
2659
3966
2873
2543
2252
1417
3360
3312
3747
1458
3148
3045
1340
2746
2643
3855
1725
2967
3909
2130
1366
1135
3120
1980
3547
1037
2750
3721
3882
3988
3085
3891
1138
1286
2293
2985
2997
3688
3255
3327
3110
1827
1589
1959
3164
2145
1287
1398
1895
2558
2084
3943
2926
1618
2364
2693
3979
1949
2441
1525
3050
3922
3444
1477
1217
1769
3909
1862
1816
3748
3351
1277
2411
3675
1051
3221
2889
2610
3459
3243
2459
2326
1703
1671
1215
3872
3747
3470
3572
1369
1738
2261
1155
1348
1122
1020
1228
2204
1493
3593
3019
1651
2149
2384
3756
2304
2302
3544
2297
1691
2894
3833
3025
1730
1815
2145
1101
3230
2165
2589
3123
1646
1899
3964
1544
1749
1795
3241
3765
2385
3309
2428
3886
3965
1966
2275
1091
1606
1028
3202
1746
3626
1640
2431
3249
2122
1594
3346
3804
2408
2252
2449
3350
3146
3037
3069
3879
2921
3238
3306
1534
1201
3366
1239
2932
1422
3681
1735
3807
3197
1660
2477
1654
3575
3043
2039
1039
3013
2750
2486
3934
1347
1468
1815
3362
2334
1053
2951
2446
1537
2262
2611
3783
1846
2055
1413
3026
1120
1474
1469
1323
3572
2269
1222
2840
2684
2761
2097
2005
2133
3104
2066
2122
3718
1285
3397
1945
3474
2620
3214
3896
2417
3411
3475
1168
2075
3121
2142
3637
3315
2108
1402
3311
2064
1344
1345
2957
3005
3535
3426
2792
3651
3823
2154
3341
2703
3429
3915
3502
3409
1788
1571
1130
2061
3828
1258
1734
2431
2283
2963
1385
1547
2513
3152
2443
3272
3892
3554
1888
2979
3401
1960
2323
3255
1110
3916
1983
1180
3479
2133
1797
3382
2948
1692
1231
3437
1529
2275
3443
3282
2961
3900
1921
2801
3478
1900
3444
3066
3893
1721
2240
1868
2851
2757
3709
3502
3228
2390
2872
1911
3053
1740
1927
3300
3035
1409
3490
2616
3686
2317
2723
3709
3933
3379
2281
3832
2153
3430
2613
1944
1497
2858
3844
3368
3336
2832
3214
2742
1730
2155
3207
1994
1442
3464
1084
3662
3356
1380
1291
3477
3234
2662
2519
2627
1867
3928
2995
1137
2187
2288
1760
2357
2326
3138
1297
3523
1923
2483
1082
2684
2851
2348
3123
2410
2429
3338
1946
2307
2885
1002
3747
3466
1067
3056
1698
1652
3486
2034
2352
1907
1039
1223
3653
3294
1790
1452
3009
3288
3416
1202
2262
3253
3592
1279
2436
3228
3526
3518
2449
2145
2869
1326
2243
1621
1498
1598
2350
2956
2028
2206
2865
1136
1045
3385
3525
3377
2660
1663
3545
2810
2717
3702
3873
2010
1604
2232
1568
3886
2970
1552
1728
3712
2720
3984
3912
1111
2542
3619
3624
2402
2296
2828
1191
1799
2802
3397
2640
1450
1527
3299
3983
1413
3527
3386
1346
3947
3151
3600
1748
3661
2785
1700
1346
3747
2613
2664
3787
1954
2489
2085
1492
2166
1874
3872
1161
3265
1266
3119
3265
2424
3730
1140
1251
2624
1599
1500
3068
1986
2604
2281
3332
1970
2766
3246
1970
3945
2289
1485
1164
2848
1016
1817
1197
1558
2788
2559
1489
1421
1667
2495
2226
2085
1074
2532
2933
3533
3247
1853
3038
3171
1466
1083
1821
1156
3236
3637
3949
1042
2756
2474
3383
1380
2768
1554
2239
3218
1872
1928
2151
3365
3430
3900
3474
2780
3856
1340
3432
2863
1380
1068
2827
2535
1589
3203
1404
3389
3650
1444
1565
1640
1701
3596
1544
2189
3812
3067
3051
3266
3558
1015
2391
1611
2199
1580
3969
3315
2696
3623
2051
3537
2291
1814
2592
3839
3794
1281
3604
2399
3463
2081
1789
2362
3575
2431
2076
2333
2968
2836
2089
3204
3919
2336
2748
1635
1393
2213
3728
1035
3395
1289
1403
1618
2394
1668
2749
2132
3671
2293
1652
2966
2025
3997
1773
2030
2742
2032
2958
3569
3393
2614
2006
3150
1557
3102
2531
2925
3018
1977
2007
1242
3724
1529
1175
1183
3017
1821
2891
1902
1068
1646
2331
1118
2553
2388
2830
2958
2277
3805
3455
3034
3802
3881
1573
2768
2554
2598
1705
3541
2219
3623
1615
3183
3303
2875
3981
2996
1222
3618
3989
2499
3729
2205
2801
3074
2356
3413
2743
1665
3097
2231
2383
3181
1184
3788
3465
3434
3084
1889
2536
1116
3209
2768
2886
2726
1387
3834
2484
1222
3874
1785
1069
3761
3858
1474
2028
3272
2614
3548
2344
3609
2280
3647
1458
3754
2737
3368
2823
3358
3803
2918
2775
3907
2159
2198
3518
1662
2165
1613
2785
1913
1134
1032
1635
2920
1093
2990
3190
3356
3359
2700
2898
2049
3748
3148
2597
2936
2858
1031
2893
2012
1577
3081
2396
1938
2305
2136
2036
3603
3813
1617
3309
3782
3147
2166
1539
2255
3885
3876
1276
1232
3652
2003
3155
2753
3153
3346
3627
1399
1850
2775
2680
2684
2468
3547
1448
2143
2623
3313
1682
2553
2882
3329
3745
1035
2432
2547
2749
3729
2994
1925
3219
3619
3110
2059
2040
2249
2809
1851
2460
2701
2683
1253
1527
1531
3025
3331
1244
3717
3513
1881
3992
1968
2908
3225
2941
2378
1755
1518
1717
3817
2992
1030
2796
2091
1834
2854
3782
3589
1290
3046
3269
1576
1277
1092
1503
1280
1941
2777
1341
3072
1024
2268
3617
2006
1637
1375
2617
2331
2418
3527
1223
2046
3070
2867
2654
2151
2562
1625
3456
2103
3353
3985
2671
1683
2832
2723
2611
1816
2047
2809
3362
3617
1569
1642
1715
3016
2958
2368
3572
2031
3682
3036
1823
2683
3186
3444
3230
1196
1281
3109
1691
1683
1988
3208
1843
1342
3108
3265
1277
1680
3135
3091
2899
2468
3334
1335
2560
2800
3284
1252
2110
3630
3986
3987
2761
1833
2821
2376
3701
1131
1645
3335
3449
3441
1250
3942
1185
2506
1010
3604
1728
3309
1408
3295
3235
3200
3816
1960
3855
3940
2481
2358
3777
2092
3099
1226
2629
2829
1379
3574
1456
1495
3601
1067
1642
2539
3093
3960
3647
3222
2137
3088
3079
1962
3243
1735
3356
3278
2818
3520
1935
1699
3418
2775
2576
2190
2203
2256
1697
2974
2990
3926
2497
1382
2151
1987
2662
1471
1774
3507
3774
2172
3783
2707
2038
1621
1657
1807
2810
2734
1925
2530
3420
3593
3711
3682
3368
2046
1840
2520
1819
3470
2751
3034
1368
1307
2859
3721
2632
3578
1854
1235
1205
2662
1339
2126
3336
3530
1279
2210
2963
2519
2876
3912
1542
3964
2579
2530
3440
1695
1471
1261
2484
2646
1383
2444
1926
3364
3850
1602
1338
2151
3343
1659
2373
2716
3262
3074
3056
2222
2980
1541
2731
2474
3634
1675
3186
3559
2644
2591
3010
1290
1123
1748
2575
1766
2561
1181
2792
1335
1683
1081
1413
2084
2853
2107
1008
2143
1706
2512
1559
3124
3817
2542
2803
2152
1558
3494
1980
2120
3781
3813
1288
3406
2021
1850
2535
3462
1476
1621
2182
1839
1218
3067
1105
3377
3153
1753
3731
1845
2259
1704
3675
3959
1069
2022
1183
3473
2549
1206
2510
2378
1137
3685
2260
2530
2624
3059
3958
1596
1758
1692
3531
1625
2006
1669
3456
2055
3946
1789
2715
3601
2487
3206
3435
2319
3903
2560
2880
2540
3236
2890
2078
2470
1815
2710
2112
1013
1329
1764
2104
2887
3954
2259
1967
1518
2650
1225
3542
3504
3460
2571
1129
3261
2687
1726
1250
1491
1839
2903
1316
2202
1803
2913
1291
1085
3962
1641
3801
3122
2993
3068
1057
1433
3023
1975
2300
1228
2135
3282
1734
3936
2118
3901
3063
2670
1673
2869
3791
1871
3127
3135
1679
2872
1487
1117
3792
3452
3495
3464
1347
1041
3263
3261
1179
1364
1133
2828
1104
2780
2949
2047
3470
2221
2796
1986
1727
3232
1384
1157
2279
1784
2078
2204
2758
2330
2063
1512
1633
3894
1918
3296
3062
2383
3001
2375
3852
3263
3991
1324
3445
2210
1735
2814
1236
2085
3977
1035
1314
1874
3443
2860
2754
1988
2476
1282
3339
1830
2694
3673
3208
1848
3417
2639
1254
2857
3250
1633
2750
3618
2270
1657
1822
2213
3420
1904
1817
2245
2430
1344
1585
2994
2176
3590
1691
2319
2316
3365
3287
3037
3459
1230
1312
3344
1474
2855
2647
3976
3603
1559
3546
2653
1379
1305
2987
3937
1924
1022
2976
1290
1677
1082
2142
3176
2154
1995
3982
3869
2062
3362
3852
3513
1469
2748
2863
3701
3321
3499
2476
3765
3931
1411
3898
2609
3310
3393
2802
1448
3385
3572
3167
3951
3575
3174
2382
3431
2552
1528
1216
1620
3398
2133
2030
1294
2818
3320
2562
1130
3137
2455
1291
1139
3295
3977
2329
3608
2825
2189
2514
3675
3539
2012
2523
3139
1169
2826
2367
1797
3487
1512
1622
2242
3623
1175
3469
2093
2679
2906
1118
1483
2997
2437
2714
3774
1297
3573
2451
2582
1221
3050
1543
2516
3247
3907
2206
3964
1768
3467
2464
3654
2723
3191
1123
2543
1028
3747
2364
2037
1503
3742
2313
3536
1495
3804
1530
3167
2297
3192
3086
1923
3681
3323
3038
3961
3099
1116
1519
3800
1689
2040
2053
1488
2428
2181
3947
2168
1597
2179
2903
2143
1653
1336
1207
1293
3880
1894
2876
2230
3654
2256
2047
3932
3035
1066
2829
1153
2904
1453
2055
1701
2279
2565
2793
3621
1333
1021
2866
1090
2903
1632
1819
1218
2538
3890
2074
3092
3035
2724
1963
2180
2933
2983
1365
2119
1942
1646
1957
3647
1894
3739
1997
3631
2707
1850
3658
3183
2671
1908
3659
3230
1498
3351
2311
1473
1806
2657
2234
2569
2181
2088
2941
3121
1680
2965
3542
2393
1907
1640
2480
1629
1083
2040
3598
1894
3852
1276
1339
3782
1383
1555
2084
3649
3820
3727
1408
2755
3315
1961
1012
1551
1229
1660
2737
1612
1357
2359
3186
3667
1680
2078
1715
3175
3735
1531
1412
2945
1020
1597
3240
3223
2410
2764
3073
2206
2283
3297
3209
3791
3260
2085
3473
2633
1069
2423
2108
1117
2859
2769
2477
3660
2434
1953
1287
2606
1957
2812
1321
1085
3768
2567
2011
2406
2645
1058
1940
3424
2588
1458
1478
3066
3933
2327
1218
2723
2470
2877
2639
1818
3406
1659
2612
2705
1882
2545
1759
3052
1937
3815
3312
3970
2290
3376
2074
2936
3662
1795
1234
2781
1136
3687
3990
2043
3124
3313
2222
2886
2863
2934
1602
2161
1016
1926
3341
1673
2417
1864
1962
1162
1469
3268
2412
3957
2652
1266
3643
3170
1298
3601
3960
3216
3016
1092
3249
1180
3410
3931
1735
1434
1226
3954
1150
2678
3950
2219
1140
3710
2441
1419
1465
2501
1469
2622
2354
3161
2644
3354
1634
2951
1134
3373
2205
1631
3367
2887
1376
3914
2721
2382
2078
3301
3579
1978
1488
1718
1718
3837
2032
3095
3360
2387
3967
3422
2222
2395
1201
3634
2895
3047
2437
3834
2532
2394
3644
1662
3856
1931
3185
2683
2438
2070
1252
2399
2120
3034
3506
3990
3910
1358
2780
2558
1011
3404
2544
3290
3851
2291
1071
1658
3951
1167
3729
2944
3685
1545
1890
3393
1705
2796
3050
1387
1383
2085
1795
1908
3286
3370
1018
1777
2797
2826
1172
2817
2319
2645
1554
2281
1921
2712
3853
1048
1856
2358
1341
1408
3893
3530
3625
1135
3422
3780
2119
1250
1784
3888
1827
1187
3245
2614
2173
1581
2570
3850
1297
3273
2996
3864
1003
3377
3764
1048
2979
3683
2983
1463
1182
2895
1918
1525
3211
1666
3486
1087
2498
2108
1328
2690
2527
1971
3126
1230
2179
1361
3909
2790
2249
1192
2173
3213
2902
3607
2218
2488
3554
2548
3425
3353
1528
1927
3438
2715
3594
2403
1431
1387
1118
1178
1638
2896
1104
1031
3542
3904
1849
3770
1912
2522
3292
3214
1539
1482
2104
1039
3815
1710
2098
3546
2502
2690
3619
3388
1964
3160
3901
1172
1999
2073
2803
3136
2298
1105
1450
3626
3109
3155
1338
2798
2537
1634
2045
3718
3008
2360
1039
2180
2174
2357
2117
3716
1251
1436
3519
2918
2866
3398
1278
2537
2654
3737
3853
3024
1119
2209
2401
1737
2871
1220
1220
2268
2142
1871
3852
1786
3073
3595
1316
3539
1587
2117
1810
2074
2963
3052
1422
2315
1931
2795
3791
3735
3471
1560
2343
1092
2185
1231
3911
2591
1259
1184
3983
2443
2389
2433
1641
1603
1997
2934
3862
3458
2026
3147
1242
3580
3605
3374
2576
2645
1428
1710
1420
1636
3090
2162
1935
2176
3127
2815
1472
2693
3643
1775
1859
3858
1261
3214
1338
2574
1356
3283
1840
1708
2170
1306
3157
3006
3680
3146
1930
2207
2863
1964
3270
1652
1621
2405
2777
1334
2872
3518
2093
2652
1296
2805
1693
3634
1282
1434
1122
3601
1278
1869
3680
2376
2766
3052
2696
1843
1951
3183
2290
3203
1333
3468
1582
2583
3975
3571
1580
2412
2368
2338
1848
3274
1592
2511
3148
1385
1889
1646
1260
1661
3094
3285
1687
1544
1168
2737
3928
2003
2368
1446
2235
3772
2569
1559
3292
2722
2593
1131
1474
3846
2442
3664
1579
3459
1587
3546
3687
2479
1317
1861
3058
3877
3550
1422
1848
3204
2922
2352
1245
2089
3584
2386
3296
3095
2687
3223
3373
3973
3606
2555
2357
2222
3170
3515
1856
3375
1670
2988
2064
2823
2376
2131
3611
3193
2178
1704
1913
1462
1885
1583
3674
2179
1440
1500
2322
2240
1144
1607
1674
2559
1868
3978
1964
3133
3416
2395
1720
3412
3978
1941
3932
1874
2183
1456
3931
2870
1417
1337
3732
2982
1874
1466
3626
2587
1737
3653
1898
3800
3726
1707
3060
3768
1857
2476
2938
3284
3018
2704
1466
3280
3193
3134
3882
1254
1595
3856
3578
1464
2953
3886
1420
2841
1931
2215
1399
1008
3238
1022
2500
2151
1319
1449
3073
2003
3130
3104
3213
3966
1788
2245
1711
3062
1272
3073
3157
2053
2730
2189
3954
1435
1828
1257
3945
1813
1377
3663
2700
1865
2049
2345
3680
3324
2613
1108
2231
3497
2183
3447
3542
1951
1263
2887
2635
3766
1688
3546
1980
1239
2091
1783
2754
2745
2088
1766
1640
2948
3185
3860
2517
3716
2297
3581
3402
2933
1902
2422
1476
3894
1718
2082
1882
3941
3166
2471
1912
3061
2598
1977
3640
2368
1482
3794
2659
3361
1227
2246
3160
2948
3074
1324
2190
3594
1797
1080
2325
2363
1929
3024
2394
2298
1673
1695
2101
1165
2428
2220
3226
2958
1289
2461
1581
3016
3260
3843
3761
2065
3383
2519
1677
1047
1942
2045
1534
1587
2553
2625
3831
2186
3394
2040
3337
3299
2840
3557
2643
3331
2594
1993
3637
1057
3371
1771
3520
1237
2490
1118
3224
3137
3303
2752
3558
1408
3357
1088
2108
3651
2429
3077
2306
2959
2672
1563
1993
1221
2176
3374
1745
1692
1173
3536
3957
2241
1487
3804
2369
1749
1755
1502
3078
3582
3026
1204
1415
3934
2122
2535
2129
3803
2349
1533
1352
2102
3739
3168
3765
1113
1341
3872
1409
3259
1392
3656
3079
2857
3528
3710
2210
2190
2469
3429
3515
1170
2764
3636
2040
1868
3479
1103
2064
3550
2128
1592
3888
2898
2157
3367
1226
3955
1541
2858
2086
1229
2584
2553
3293
2327
2463
3299
1522
3202
2541
3015
2837
1435
1595
2934
2724
2808
1488
1025
3683
3346
3015
3072
3160
3210
3150
1125
3040
2989
1519
2940
2025
3938
1731
2070
3298
1985
1928
2788
2470
1376
2062
1002
1760
1672
1246
1697
3086
1645
3954
3695
1178
2388
2214
1264
2310
3424
1920
3188
3672
1257
1478
3983
1233
3105
3535
1722
3395
2261
3753
3498
1854
3317
3434
1309
3403
1459
3553
3600
3637
2428
3041
3694
3944
3008
3966
3562
1878
1836
1684
2449
3139
1982
1793
2936
1303
1653
2341
2719
2575
2664
2922
3573
3708
3390
3823
3697
1673
2717
3427
1833
2097
2710
3590
1694
2541
1297
3727
1773
3585
1819
2788
2157
1137
3545
2989
1214
3088
1801
1653
3662
3533
1565
1192
1964
3535
3827
1226
3392
2498
1160
2869
2538
1860
1131
1461
2470
2159
2473
1999
2725
2998
2836
2098
2717
1800
2154
1988
2728
2440
2823
2593
3653
3759
1168
2118
1157
3558
1915
2369
1357
2775
3047
2724
2475
3131
2907
3372
1606
2554
2731
2606
3497
3763
3036
2315
2006
3165
3285
2174
1200
3066
3140
2542
1782
3208
3879
3511
1000
1516
3602
3236
1397
3977
1892
3183
3559
2033
1096
2271
3814
1865
3702
1707
2316
2390
1707
1390
3768
3195
1158
2963
3372
2522
3617
3168
3662
2002
2130
3748
3688
3408
1650
1443
2467
1901
2205
1020
1898
1510
2847
2957
1292
3025
3968
1122
1629
1010
3754
3897
1197
2854
2900
2465
1136
1309
3146
3463
2534
2287
1750
2241
3343
2170
3398
3133
1029
2680
3238
1967
3637
1940
3662
3388
3595
2138
3041
1565
3890
2672
1688
1572
3519
1709
1221
2915
1076
3452
3059
1505
3973
1091
3132
1762
1416
1798
2203
2270
3944
1173
1997
2346
1710
3178
1316
3960
2256
3322
1912
2634
2209
1354
2701
1934
2467
3252
2273
2791
1378
2495
1656
3625
1382
3058
3819
3537
1105
2161
2022
3430
3835
2713
3439
3664
3473
1035
3997
3040
1897
2604
2021
3959
3893
1860
1066
1463
3716
3497
2870
2270
3328
1060
3390
1350
3569
2556
2677
2095
1178
2830
1549
1920
1062
1555
2596
1087
1390
1399
2489
3331
2516
3471
2881
1939
2673
2173
1176
2956
3640
2884
2928
3548
3973
1298
3722
2222
3672
1873
2671
1136
2767
2545
2776
3238
3594
2166
1311
1432
3579
1642
2303
1350
1315
1818
1427
3973
2978
3158
1769
1943
1738
1372
1962
2986
1480
3809
2723
3832
3995
2721
3806
2895
3114
1949
1169
3576
2472
2665
1340
1157
3850
1235
2792
2394
3305
1329
3314
2864
1449
3644
2337
3828
1618
1227
2848
3398
3026
3684
1012
1318
1423
1073
1187
3338
3543
1939
3027
2875
3926
1049
3668
2581
2019
3493
2720
2808
1279
2471
1252
3955
2247
1341
2630
2456
1788
3449
2305
1670
2881
2522
2718
2305
2413
1079
3530
1700
1354
3684
2456
1200
3621
1615
2568
3419
2608
2713
2230
1222
1819
3456
1360
2699
2912
2944
2981
2414
3338
2018
2638
2718
1352
1538
2482
2044
2806
3215
1303
3769
3701
3810
2235
3506
1727
1706
1102
2375
2574
1465
1253
1347
2311
2397
3422
2836
1252
3580
2994
3983
3907
1791
2490
1433
2135
1465
2173
3088
2420
1252
3501
3830
1297
3869
2934
3400
2659
1138
3587
1218
1730
2157
3667
1738
3006
2074
2760
3463
2944
2722
3394
1057
2587
2011
1692
2986
3720
2750
3876
3168
3507
1958
3194
1619
2478
1286
3855
3879
1669
1959
2961
2009
1334
2895
2663
3297
1193
1334
1224
3050
3263
2961
2336
2814
2258
1446
3333
1049
1216
3887
2673
1441
3968
1473
1975
1285
1851
2574
1704
2137
2971
1991
3356
3608
3113
3194
1256
1025
1935
2005
3833
2800
1358
3287
2083
2278
3848
2296
2028
1056
2388
1974
1433
2423
3295
3487
1309
2932
3696
3628
2364
1115
1011
3498
3478
2986
2345
1640
2836
2176
1586
1833
1493
3093
2289
1153
1928
3367
2724
3930
1044
2002
1779
1154
1400
1010
2872
2615
2423
3013
2190
2431
2297
1222
3323
1661
2786
3877
3989
3518
2265
3978
1843
1351
2116
2463
2613
2805
3206
3899
2219
2524
1143
3193
3468
1635
2195
3591
1115
1068
2255
2836
2988
1476
1437
2070
3579
1784
1116
3236
2903
3146
2244
1703
3606
1868
2547
2513
2522
3250
1309
2868
3715
3462
2716
3425
3369
3028
1790
3753
2243
1272
3740
1640
3503
2072
1694
1476
1808
1050
2994
1426
1678
1444
3239
1668
3859
3341
3793
3626
1658
1055
2139
3705
3404
3231
1435
1404
2259
2998
1708
3406
1455
2998
2384
2398
3724
3973
1390
2159
3270
2806
2925
2258
1076
2977
1662
3155
1636
3009
3385
3790
2621
2516
2763
1804
1341
1643
2368
2977
2886
2184
3670
3999
3352
1977
2635
1971
1636
3569
3774
3542
1437
3059
2733
3479
2333
1803
2286
3399
2381
3141
1618
1501
2897
2336
1063
2753
3687
1832
1377
1564
2014
2829
1424
3498
1253
1094
2325
3138
3066
3191
2601
3427
1921
3726
1049
1439
2787
2417
1667
1708
1957
3542
1068
1086
2879
1872
2410
3763
1112
1435
2469
2999
1822
3892
1399
1715
2703
2734
1489
2109
2329
1046
2072
1964
2245
2931
3164
3671
2940
3492
1745
3338
1109
3466
2631
3812
3347
3500
1581
2441
2160
2128
3684
3770
1418
3310
2044
1027
2485
1857
2725
3448
1695
1965
3565
2472
3600
3768
3078
3703
3827
2398
3481
2756
1511
3301
2732
2300
2395
3789
1977
3464
3712
2297
3181
1706
1809
2813
1184
3374
3010
3186
1018
2675
1551
2703
2572
3771
3718
3115
3504
1992
3241
2188
3534
1873
2591
3822
1737
1542
1934
2144
3973
2295
3730
1759
1849
3862
1333
3627
2034
1084
3300
3688
3022
3918
3154
3393
3270
2283
1698
2092
2550
3477
1626
2074
2874
1903
2283
1191
2819
3630
1890
2038
3455
1580
1020
2256
3287
2458
3043
3265
3058
3661
1883
1910
2909
1188
2008
3882
3377
2131
3656
2932
3740
3164
2261
3472
3987
3294
2679
1390
1975
1538
2838
2541
2960
2479
1603
2612
3679
1894
2444
2118
1227
1282
2905
1389
2157
2200
2122
1415
1552
2059
1610
2594
2942
2563
1599
2331
1642
3699
1424
2011
2468
2185
2806
2975
3604
2578
3057
3885
1360
3023
2145
2600
1339
3533
1721
1980
3445
1013
3729
1113
2605
3396
2449
3536
2745
3561
3245
2232
1648
3584
2442
3928
1148
1202
2406
2165
2515
1294
2521
1969
2124
3823
2851
3261
2386
1337
3275
2617
2125
3245
1096
1130
1781
3874
1513
1039
3338
1375
3650
1744
1574
3824
2025
2448
1057
3011
2065
2067
1440
2021
2931
2776
2951
3884
3041
2762
2155
1862
3334
3712
3901
2332
3639
3078
3305
1870
2330
2085
3352
3608
1245
2379
1972
1473
1852
2363
2579
3632
1756
2536
2274
1768
3765
3722
3303
1863
2548
3833
2634
2085
3227
2276
3635
1123
1092
2194
1624
2900
2549
2405
2848
2350
1760
1266
1773
3052
1294
2710
1257
3107
3330
1256
1876
1696
2242
3093
1027
3885
3704
2254
1225
1969
2501
3799
3133
3006
2771
1021
1774
1867
3208
1595
2546
3217
2265
3398
3306
1097
1257
2462
3959
1204
3360
1290
2114
2267
1718
3984
2503
2673
2753
3119
3722
2745
2351
3155
1162
1145
2006
3235
3138
1369
1111
3165
2684
2387
2693
3293
3905
3579
1518
2940
1574
3881
2016
1157
1112
3167
2176
2585
2660
1774
2280
2708
2063
1846
3429
2877
1847
2782
3738
2481
3411
1296
2635
3297
3174
3939
3267
1373
1529
2527
2547
1489
1236
2251
1701
2747
1397
2910
1487
3204
1785
3629
3762
1099
2301
3360
2083
3370
1423
1051
2065
2665
2588
3275
1478
1984
1965
1909
3262
3637
2845
1255
1207
1601
3140
3490
1003
2825
1515
2265
3796
1375
2624
1132
3468
2269
2398
3077
1487
1056
2452
2483
2620
2047
1370
1367
3656
1811
3825
3320
3531
1807
3836
2580
2598
1813
3498
3738
2167
2242
2698
2792
2743
2138
1882
1329
3400
3720
3683
3505
3022
3043
1178
2686
1262
2867
2832
1717
3234
1428
3423
3176
3849
3128
1850
2553
2150
3178
3313
3349
3911
1008
3503
3894
1127
2232
2976
1613
1979
2283
2036
2957
1777
1240
3660
1971
2511
2684
1982
3291
1490
3718
2750
1432
1185
1342
1097
2090
1895
1891
2504
3601
3919
1140
3139
1226
1447
2903
1416
2678
2692
3244
3697
1997
1881
1567
3937
3554
3771
1069
3266
1652
2180
2549
3651
3153
1980
3551
3774
3154
2489
2056
3664
1581
2992
3613
2134
1436
1353
2345
3070
3133
1678
1936
3062
3418
2031
1270
3341
1750
3453
2375
1048
3333
2955
3172
1011
3316
3784
3859
3215
2261
3244
2912
2677
3527
1135
2960
1636
3551
3397
1987
2334
1796
3932
2312
1439
1971
3445
1040
1736
2753
3125
3850
1063
1467
2871
3486
1969
3642
3055
2700
3104
2254
3592
2485
3631
3666
1638
2277
2508
3402
1165
3273
3191
1434
2965
1708
3200
3288
3528
3767
1908
1208
3416
2645
3752
1153
1557
2342
1626
3419
3488
1418
2234
3028
2929
2033
2971
3086
1926
2234
1973
3600
2596
3916
2809
2146
1532
2344
2852
1061
1873
3294
1805
2428
2004
1606
2168
3023
3114
2716
3972
3262
2157
3442
1642
2834
2646
2025
1652
3824
1683
3311
3441
1450
3306
1168
3169
1431
2133
1930
1887
2804
3621
2770
2475
3672
3185
3922
3407
1716
3551
3100
2319
2574
2040
1306
2721
2917
3123
1441
3382
1049
2653
2202
3644
1998
3359
1446
1235
1765
1633
1632
3085
3852
1415
1895
3519
3265
3766
2550
2512
2375
3622
1211
3531
2618
3536
2990
1088
3763
2698
3770
3040
2221
4000
1086
3629
3015
2866
3092
1407
3451
3457
3432
3922
2790
3739
1800
2525
1121
1635
1340
1450
2977
2073
2679
3029
2894
3547
2013
2672
2599
3669
1870
2123
2667
3090
1749
2277
2090
2882
2332
3858
2673
1200
3208
1543
2121
2463
1639
3241
3022
3925
2167
3016
1168
3652
1753
1130
1710
2029
3461
2640
1495
3806
3603
3952
2111
2453
1709
2732
2723
3652
2699
2928
2926
2594
3492
2277
1286
2645
3306
3607
2805
1353
3942
3762
3801
1927
3664
1293
3049
2401
1675
2218
1354
2443
2588
3398
2182
2516
1387
2046
3059
2011
1055
2868
3313
2845
2753
2753
3145
3386
2610
3731
3123
2408
3502
1817
2727
3055
2744
2109
3243
2302
1506
2318
2898
2094
3658
3041
3975
3864
1017
2448
2756
3293
2269
1300
3607
2918
1243
2471
3375
1022
2817
1957
3910
3839
3026
2827
3000
3791
2357
2676
1908
3562
2766
1660
3952
3400
3335
2673
1993
1994
2141
2275
1831
2784
2498
2037
3230
1277
2606
3852
2998
1977
3776
3185
1215
1800
2291
2308
1724
2634
1136
2138
2472
3399
1649
2233
1791
3698
2482
2440
2243
3060
2959
3613
1036
3832
2257
2444
1782
1957
1913
2092
1786
1620
1629
1537
3774
3361
1041
3343
1663
1697
1611
1302
2882
2750
1577
3619
1401
3457
1110
3642
2832
1189
2134
2119
2682
3325
1072
3543
1692
2311
3412
2691
2556
2818
2864
3798
2651
2926
1383
1839
1679
2553
1354
3165
1299
3937
1624
2600
3967
1807
2960
2909
2354
2562
1221
2509
2396
3379
1979
3244
3989
3402
1234
2096
2666
3040
3869
3298
1265
1117
2850
3252
3549
1084
3347
2225
1972
4000
2376
3894
3927
1284
3073
2402
3945
1195
2601
2691
3962
3859
1984
1676
3744
2792
3867
3373
1242
3785
1524
2275
2638
1138
2655
3626
1990
3489
2499
1281
2352
2583
2403
2215
3431
1786
3578
1832
3432
2438
3652
3467
3502
3808
3667
3344
1393
1171
3118
3859
1217
3691
1818
2544
1714
3170
2319
3913
1133
1893
2533
3035
2347
1640
1995
1108
1130
3372
1986
1861
2471
2893
2867
3947
3321
2140
2859
1291
1442
3833
1182
1915
2016
3334
1881
2284
2543
2501
3114
3947
3561
3429
3447
3979
1494
1508
3883
1316
3602
1888
2452
3972
2800
1052
2823
3094
3572
3949
3685
2298
1531
1768
1253
2154
2908
2803
2221
1041
1377
1419
3744
1199
2663
2838
1897
3746
2109
2779
2944
3974
3885
3861
2213
2901
1890
1114
3244
3136
2903
3804
1795
1518
1890
1389
3414
1752
1602
2787
3049
3772
3675
2440
2697
2897
3060
2426
3821
2885
2655
1231
1544
1054
2561
2733
1031
2415
1286
1675
2875
1419
2372
2460
2028
2824
2617
2761
1024
2030
2606
1157
3327
1139
1464
2048
1862
2393
1502
2520
3509
2709
2529
1074
2855
3866
1044
2885
1478
3854
2480
2076
1391
1649
3972
1981
2433
1691
1810
2358
1883
3941
3848
1532
2069
3036
2361
2057
2313
2011
1496
1533
3074
2633
3354
3068
2664
3662
2600
1477
2295
1677
1567
1204
3542
2368
2807
2934
3176
2595
1726
2885
3797
2412
1273
3857
3253
1053
1310
1845
3637
3766
1839
3303
2617
3310
2301
3848
2224
3151
2748
2689
2468
3101
2477
3955
3457
3848
2048
2594
2134
3748
3766
1592
2246
1398
1324
2137
1918
3664
1710
3297
2095
3247
1435
2579
1812
1865
2755
3404
2796
2004
2485
3554
2056
1436
2412
1162
2713
3632
1289
2241
2322
1028
1048
2235
1059
3888
3036
1412
2735
1007
1112
3531
2889
1050
1302
2973
1488
3879
3595
3276
1221
1067
1183
1946
2949
3987
3378
2316
1396
3064
2714
2126
1272
2337
3014
3071
2892
2255
3912
3624
3848
3368
1468
3843
1706
2493
1283
1572
2739
1601
2664
3816
1557
1426
1099
1454
2711
3514
3357
2279
1130
2686
3050
3195
2523
3262
3746
3981
3520
3172
2695
1380
3824
3570
1909
1041
2160
3348
1759
2695
2727
3013
1930
1501
1423
1188
2081
2960
3945
3936
1953
3258
1278
1669
2731
2582
2030
1405
1452
1440
3600
1705
2431
1346
2082
1490
2083
1804
3136
1047
3710
2196
1170
1502
1185
2619
2080
3989
2070
2775
2360
2826
1579
2291
2756
1444
2866
3656
2457
2119
2561
2141
2135
1654
2051
1552
3817
1935
3713
1618
1492
2778
1903
3907
2650
3295
3795
3513
3559
1418
3241
1692
3898
2263
1937
1123
3826
2073
3820
1596
3409
3889
2434
2087
1200
2399
1978
3207
2121
2112
2397
2352
3049
3794
1727
1429
2524
3898
2399
1953
2289
3017
1176
1322
1345
3433
2902
3773
3297
1014
2991
1988
3417
1431
1778
1466
2051
1801
1499
2767
2762
1930
2630
3508
1320
3525
2434
2345
3818
1146
1196
1643
1967
1520
3891
1595
2431
1400
3065
1128
1332
1272
3399
1899
3658
1167
3735
3782
1833
2532
3405
2618
1015
1164
2816
1744
2855
1304
2784
1330
1603
3667
1828
2320
2148
2183
1271
1672
1440
1168
3007
2859
3795
2862
3482
2614
3475
1177
3004
2722
3654
3563
1888
3777
3787
3949
2694
1373
2601
1558
1567
3379
2625
3854
2235
2928
3384
3955
2156
1728
3644
3175
3052
1349
3616
3850
1550
3790
3430
3773
1154
1274
3405
2158
1905
1695
3648
3797
2967
1536
3876
3862
3535
3788
3449
3383
1301
1203
1834
2061
1129
1374
1376
3374
3348
1677
2072
3524
2416
1076
2150
3865
3383
3680
3666
1825
1613
3658
3812
3061
2590
3552
3683
3411
2643
2280
1809
2900
3781
3269
3483
1556
1011
1587
3593
2387
2727
3339
2839
3883
1068
1521
1944
3052
1649
3255
2272
3346
2377
3557
3872
2188
3948
1607
1123
1787
3702
1270
2093
1353
3128
1591
1413
3786
2906
1840
1392
3692
3952
3073
3685
2964
3682
3421
3313
3513
2929
3174
1095
1692
2597
2813
3984
2035
1813
1654
1331
1062
3678
3080
1422
2263
1385
1454
2526
1110
3474
1526
2458
2107
2310
2048
2181
2543
1284
1299
3729
2120
3006
3731
3780
2104
3988
2751
2122
2854
1279
2711
3928
1880
2297
1867
2230
1730
2605
1653
2901
1937
2353
2958
1818
1899
2197
1591
3103
3258
3920
2028
1527
2971
1922
3712
2620
3092
1687
3072
3023
2578
1371
2521
3197
2264
2239
3452
2296
3930
1643
3720
3161
2467
1875
2684
3102
1008
1069
2490
3175
3449
3858
2591
2918
3750
1111
1982
1707
1721
1971
2765
2574
1198
1461
3551
1664
3684
1473
1513
1934
1839
2693
3066
3987
3726
3387
2710
3077
1569
3904
2872
1497
1698
3079
1147
1276
3524
2455
1956
1534
3203
3071
2297
1716
3132
1048
3466
3574
3469
3818
3056
2071
1802
3949
3151
3805
1062
3252
3654
3593
3134
1228
2643
1021
1684
1747
3913
1224
3925
2590
3211
3245
1492
3899
2555
1897
3438
3361
2395
1079
1748
1370
2305
1875
2439
1374
2485
1988
3422
3955
2836
2766
1512
2451
2290
2097
2765
2905
2784
3083
1801
2931
1395
1280
1855
3281
1910
3059
1304
1044
1316
2461
3723
1879
3927
1096
3068
1991
2977
3013
1267
3647
3102
2608
3233
1341
1287
2067
2893
2472
3431
3015
2131
3065
1658
3263
3366
2482
2973
1226
2743
2642
1573
3010
1874
3714
3620
1879
3657
1404
3485
3175
1406
1474
3722
3872
3178
1408
2940
3556
1346
1603
1630
1804
2441
3282
1746
3790
1903
3643
3945
2003
3312
1869
2427
3060
1776
1171
3410
1703
2942
3224
1611
3461
2357
3222
1779
2126
1115
1095
1540
3014
1822
3437
2728
2146
2673
3697
1768
1281
1535
2094
1791
3476
3489
2367
3119
2708
3749
2761
1135
3078
3925
3206
1025
1700
2637
1815
3971
2276
2383
3295
1781
1930
2719
3760
1025
2739
1066
1918
2774
2336
2023
2532
1517
2823
2422
1648
2470
2992
2709
2836
1411
1035
3044
2857
3503
3994
3366
1241
3281
2354
2436
2933
2915
3508
1442
1934
3350
1942
2888
1383
3671
2613
1700
3814
2244
2639
1213
2735
1589
1178
2639
1070
2135
1886
3006
1385
3450
1207
1670
1394
3784
3313
3875
1782
2088
1820
2845
2765
1194
3512
1209
3104
1696
3376
3323
1255
2429
1085
1258
3631
2983
2610
2696
1244
1558
3283
2232
3772
2001
2211
2261
3454
3684
3318
3009
1313
3370
2708
3632
3409
1164
1330
2784
1379
2580
1957
1941
1769
1271
1727
1494
1478
1880
2983
3825
2005
3528
2992
3502
1663
3218
3881
1339
2557
2102
3174
3566
1573
1822
3529
1811
1762
2944
2955
2081
1884
2779
1750
3616
1784
2823
2437
3699
3989
2956
1102
2570
1785
2154
3016
3836
1701
1717
3072
3303
2103
2395
2514
1964
2022
2742
1435
3109
1844
1282
3429
3540
1989
2566
3120
1367
1043
3146
2148
1790
3009
3645
2271
2995
2979
1907
1174
2915
3310
2283
2547
2053
2470
1904
2450
3165
1828
1251
1694
2359
1807
2563
1945
3621
1669
2739
3399
1159
3419
2772
1736
2697
3552
2640
3538
2515
1901
2579
1317
1079
3142
1961
3215
1820
2645
2034
3181
3377
1251
2596
2312
2716
1274
1883
1405
1421
2282
2079
3806
1669
3388
3155
3902
1602
2326
2207
3662
3904
3934
1090
1455
3165
2860
1263
1023
1961
1129
1460
2782
1151
2483
1040
1268
1902
3814
1966
2542
2268
1954
3063
1815
2741
3565
2374
1705
1043
3460
2320
2248
1314
1088
1878
1065
1780
3046
1133
1599
3963
2240
1790
2311
3948
1210
2862
3819
3326
1037
1916
2752
1150
1086
3731
3754
3030
2614
2927
1751
2275
3152
1291
3160
3459
1408
3290
1120
2980
3768
1357
2166
3758
3801
1667
1642
1761
2996
1248
1649
2313
1688
1786
3001
3533
2204
1249
1393
2084
1415
2166
1624
2129
2114
3903
2392
2847
2198
2896
3748
1102
1059
1924
3933
2553
2649
2039
1668
1780
2504
3358
2775
1497
2849
2392
1295
2007
1161
1705
2108
2303
2529
2569
2155
2841
3367
2824
1505
2204
1052
1290
2907
3164
2804
1090
2128
1172
1231
2979
3218
2822
1208
1110
2686
3945
3873
3145
2011
1767
2241
1029
3313
1410
1332
1446
2191
3291
3354
1349
2759
3037
3070
1698
3807
1203
2351
3017
1416
3676
2765
3552
2872
1385
1219
2225
2863
1189
1235
1830
3080
1484
2744
2283
1763
2063
1882
3846
3298
2731
3169
1181
1068
1295
2011
2533
1858
3055
2097
2692
2939
2368
3226
3337
3559
3969
2447
1969
2893
2122
3825
3464
1462
1127
3893
1520
3325
2466
2765
2487
1512
3427
1227
1074
3275
3420
2216
2083
3386
1132
1077
3370
1507
2089
2106
3620
1709
1130
1755
3154
2773
3241
1460
1307
2506
3925
1243
1190
2656
3115
1610
2847
1195
1924
2903
3256
3847
3586
1411
3543
3275
2852
1517
2644
1175
3354
2706
3809
3349
1968
3239
2400
2436
1554
3595
2235
3989
2782
3543
1957
3815
3326
3839
3284
2749
1482
2802
1987
1397
1098
2770
1863
3416
2965
1408
3671
3316
2781
1456
2129
3508
1397
2628
3342
2082
2964
1812
3918
2839
2220
3397
2781
3432
3342
2842
1922
3431
2520
1383
3024
1589
1765
3216
3238
3328
2396
3956
2163
2303
1144
2306
3404
2414
2743
2845
1833
3021
1268
1475
3909
3019
2929
1092
1199
1652
1450
1892
2773
3578
2178
1198
2800
1716
2443
1682
2029
1855
2555
3827
2717
3089
3908
1669
1010
1581
1351
2556
3371
2121
1409
2958
2840
1287
1251
2566
2758
1196
2304
3808
2199
2933
1303
1011
2259
1791
2331
2466
3644
2279
3071
3296
2967
3161
2930
3591
2650
1372
3159
1075
3429
3015
1539
2895
3251
3110
3476
1633
3076
1081
3305
3186
3449
2195
1979
3247
1519
3917
3779
2481
1343
3544
3798
3456
3764
3408
3987
1145
1626
3293
1245
1398
2086
2121
3714
2631
1611
2045
1478
3736
3846
3874
1662
3464
2465
2038
2811
1528
1081
2422
2952
2983
2969
1246
3508
1053
3195
1775
1827
1645
2533
2852
2529
3429
1510
1684
3419
1681
1977
3367
3810
3987
2127
1926
1684
3337
2377
3905
2895
3336
2438
3485
1187
3881
3034
2824
3333
2790
1505
2923
3985
3232
3823
2079
2786
3619
2717
3690
1371
1925
1530
3800
1211
3666
1377
3001
2203
1977
3794
1032
2096
3180
2310
1315
1269
2662
1250
3237
2753
2384
2305
2086
2646
3302
3849
2334
1298
1155
3964
2635
3847
1588
1545
1844
2546
3885
2392
1662
3749
3449
2394
2373
1294
3422
2837
2684
2511
1031
3097
1058
3237
3630
2534
2289
1603
2379
2351
3908
3209
2923
1852
3867
1809
3339
2001
1829
2558
2526
1845
1622
2884
1749
2570
2608
3187
2184
3909
3807
3683
3640
1597
1702
2720
3651
3511
3434
1728
1357
3233
2207
2483
2772
1806
3776
1986
3587
2862
3023
1982
2490
1684
1969
1445
1525
3284
2316
2384
3949
2183
1232
2929
1349
1190
3860
2135
3508
1918
3956
3582
1095
1058
2388
3777
1794
1317
2588
1849
1525
2660
3235
2828
1317
1292
1898
1779
2757
2396
1585
2516
1229
3092
1497
1142
3169
1237
2321
1102
3258
2749
3091
1317
3973
1624
1016
3078
1139
1158
3846
1045
2230
2153
2692
3467
1624
2166
3039
1332
1534
3616
2567
2923
1988
1129
3140
2999
2325
2126
2890
1529
3904
3031
1775
3085
1222
2441
1565
2306
3385
2626
2994
2291
1375
1729
3969
1650
3943
1040
1943
1640
2454
3211
3595
2680
3438
2998
1066
1494
1934
2352
3338
3522
3205
1074
1276
2764
2151
3304
3072
1079
2251
2821
1605
3641
1025
2885
2095
3208
3634
1220
3912
1796
1884
3662
3437
3375
1143
1883
1342
1935
1510
1499
1111
1248
2429
1998
2438
3655
1548
3267
3394
3375
3511
3605
2476
1190
1596
1026
3884
1738
3735
3984
3802
2669
1548
2517
1406
3448
1765
1774
2371
2232
1880
2651
1807
2241
2496
3394
2095
3467
1732
3496
2697
3198
3347
2464
1345
3895
2796
3383
3972
3208
3210
3080
1869
3596
3006
1913
1567
3672
3124
1016
1409
1915
3193
3562
2836
2346
3517
3828
3573
1975
2317
2272
2195
1099
3134
3329
3497
2340
1929
2996
3108
2232
1296
1364
3587
1850
2649
2113
3285
3802
2927
1824
1534
2311
3449
2700
2192
3981
2352
3904
3699
2758
2951
1287
1271
3053
3013
3891
3166
1231
2038
3298
1498
1155
3784
3649
2999
1800
1882
3419
3482
3982
1942
2614
2106
3492
2547
2792
3866
1733
1773
1023
3553
2979
3087
1235
3568
3056
3234
1966
3423
2138
1114
2793
1129
3696
1514
2614
3455
3446
3849
1219
2865
3715
1825
2884
3859
1486
2166
1655
1692
2619
2883
2778
3096
2396
1646
2819
2554
3055
1708
3172
1863
1956
3509
3521
2030
2066
3275
1210
2987
3587
1238
2675
3299
3823
1195
1114
3920
1263
2146
3572
2212
2965
1979
2442
1439
1540
2243
1135
1883
3573
2590
1384
1452
3468
2484
3715
2353
3289
3071
2539
3207
1749
1769
3474
1905
3131
2361
1235
2165
3659
1776
2420
3419
3957
3492
2620
2450
2550
2613
2149
2489
1655
3697
3893
2056
3641
1866
2963
2835
2195
3261
2386
3306
2867
2217
1090
2224
1113
3123
2273
1111
2372
3759
1944
3201
3510
2807
3953
2418
2382
1618
2029
2899
1048
2504
1103
2421
2773
2106
1345
1413
1847
1257
2254
2666
1921
1800
3699
1236
1596
3765
3785
3314
2291
3199
2399
1014
1509
1926
1308
3151
1482
1932
1701
3269
2096
1292
3352
1035
3971
2267
2407
2338
2947
1850
2856
2531
2532
1597
1158
2901
2295
1289
2132
1170
1436
1750
2942
3322
1584
3818
2104
2630
2710
2927
1332
3204
2181
3923
2932
3663
2985
2682
3013
3875
2179
1428
1894
2756
3475
3000
3508
3127
1952
3940
2594
2572
3750
1763
1472
3363
2330
3131
3089
2300
3819
3368
3118
1271
3571
1271
3467
3390
3098
3150
2186
2936
2602
2454
3276
3956
2314
2448
3905
2212
1699
2875
3379
3185
3217
1951
3242
1820
3636
2336
1227
2807
3143
3655
3016
3165
1101
1137
2263
2916
1906
3516
2189
2257
1107
2026
3044
2848
1320
2835
3344
1285
1345
2343
1996
3981
1471
3998
2898
1019
1123
1779
2551
1397
2167
3145
2469
2405
1818
3580
1176
2947
3179
3443
1075
3969
2019
1955
1739
1725
3600
3996
1452
2755
2008
3667
2111
4000
1860
3859
3995
3932
1033
1812
3061
3893
2656
2982
3599
1504
2255
3802
2828
2437
3845
2572
2808
2188
1821
2457
2813
1790
2425
2597
2163
1305
2653
1228
1501
2100
3003
1962
3271
1713
3556
2699
2922
3627
3873
1988
3188
1246
2067
1247
3634
2385
2241
2768
2132
2669
3310
2914
1072
1763
1557
1293
1419
2628
2990
2394
1952
3810
1935
1976
3482
3086
2952
1291
2915
1706
3539
3583
1910
3795
3195
2690
3624
3484
1792
3009
1622
1818
3410
2996
1728
3430
1583
1874
2205
3429
2236
1907
3462
3975
2210
1848
2710
3653
2895
3707
2390
3764
2732
3387
2017
1577
3033
3915
2775
3510
3129
2235
3861
3196
2773
3698
3325
3826
2217
2068
1342
2450
1509
1657
2225
1882
2050
2778
2719
3880
3264
1310
1179
2883
1473
2324
2350
3835
3928
2441
3196
3071
3849
1542
3541
3983
1102
2163
2549
1781
3339
2728
3308
2306
3265
2245
2581
2017
2667
1483
2962
1737
3256
3053
2832
1304
3119
3152
3934
3046
1217
2678
3054
3372
2751
3855
1634
1356
2188
3706
1395
2218
1981
1375
1247
2975
2079
3531
1231
3682
3148
3949
3701
3207
2241
3364
1684
1093
2632
2346
3815
2967
2614
1566
2392
2765
2496
2012
2518
1450
2070
1550
3135
2745
2198
3313
1828
1493
2879
3956
2313
2313
2377
2026
2877
2593
3085
1723
1499
1734
1363
2163
2496
1180
1165
1350
3278
3045
2045
2411
2011
3963
3540
3107
3382
1206
2415
3256
1012
2347
1095
3465
3708
1034
3901
2348
3028
2509
3140
1389
1383
3782
3229
1378
2538
2414
2565
2025
1389
1575
3750
2210
1374
3997
1102
2834
3196
3820
2159
2413
2379
1242
2340
1184
2340
2610
1711
2068
1209
2713
3214
2628
3837
2531
1737
1729
3943
3483
2971
3866
3990
3689
2037
3830
3455
1445
3666
3572
2794
1404
3793
3743
3552
3411
3867
2693
3937
1758
1928
3118
1636
2163
2679
1339
1347
3164
3650
1542
2732
1149
1210
1749
2351
3558
2738
3523
1902
2052
1514
3492
1773
1785
1461
3970
1702
1518
2147
3703
2857
2482
3277
1339
2060
1386
3179
3444
3144
2370
1863
2218
1516
2180
3411
2006
1315
3537
1413
2841
1099
1317
1420
3164
3269
1463
1855
3030
2127
2294
1220
3070
1258
3864
3316
2262
1689
1723
1786
2470
1577
3282
2572
3396
2360
1129
1560
1592
2926
3728
3567
1971
1259
2648
3569
3318
3282
3104
1243
2855
3497
1354
1308
1799
1113
2112
2372
3324
2818
2299
1702
2227
2592
1540
1509
3944
3050
3221
1086
3960
3663
1267
1126
2655
1793
2809
2302
1776
3980
1208
2186
2681
1704
3660
1057
1374
3595
2951
3813
1602
2453
2489
3122
2867
2972
3986
2619
3339
3557
1218
3239
1788
1488
1944
1294
1831
3620
3730
2417
1827
3336
2123
2375
2282
2935
3136
1682
2602
3691
2873
3862
1970
3550
1457
2038
1147
2733
2255
3281
2023
1912
3192
2272
3192
3188
2324
1234
3431
1498
1969
1704
2025
1508
2468
1450
2151
1204
3568
3156
3307
2734
3206
2108
3358
1133
2297
2901
3998
2433
3879
3746
3824
3091
2611
1457
3676
2277
2227
2181
1079
3197
2447
3584
2087
2515
1643
1538
1887
2656
2391
2542
1380
1552
2992
1804
3000
3830
2851
3335
2930
1546
3132
3959
3636
3997
2983
1756
1281
1567
1860
3103
2547
3474
2704
1313
3258
2439
3492
3458
1212
3958
3765
3864
3810
2438
3283
3571
3880
1686
1821
2393
1794
1531
1290
3612
2252
3936
2004
1966
3924
3208
1506
2516
2596
3795
1969
1948
2463
3524
1229
2015
2019
2293
2399
1912
2317
2612
1730
3902
2628
1037
2070
2239
3260
2117
2416
1249
3780
3753
1140
2962
1625
2634
1563
2145
2818
2768
1551
2274
3104
1555
3492
1664
1454
3568
2920
1933
1561
3127
3266
2745
2589
3532
3408
1797
3611
2469
3726
3830
3538
1356
3702
1600
3156
3334
1337
1196
2650
2460
2481
3315
2734
1521
3389
3287
1467
2110
3054
2959
1549
2386
3403
2897
1393
3288
1173
3485
3502
1848
2619
2354
1923
1393
2017
2288
3242
1310
2012
3466
2742
3403
1250
2913
2661
3426
1699
1739
1348
3501
3542
1324
3288
1492
3243
2300
1741
3377
2483
2392
1603
2667
1552
1270
2551
3675
2997
3816
2604
2851
2377
1703
1086
1945
2703
2016
1714
3858
2194
1783
2741
3648
2021
3477
3190
1817
1279
3421
1383
1759
1591
1895
1138
2159
1993
3463
1998
1181
2182
3154
2190
3116
2017
2181
3762
3313
3295
3098
1399
2875
3664
1721
1667
3919
3703
1206
1568
1790
1531
3110
1621
3451
1642
2967
2341
3232
2830
3437
2013
3086
3785
3059
2533
3049
2974
1084
3693
1947
3417
2770
3694
1614
3164
3168
1320
3171
3787
2137
3648
3000
2245
2571
1130
3597
2580
2289
2026
3237
1108
3335
3636
2303
3736
2546
3473
1637
2636
3014
3326
1598
1484
1670
2819
2051
3004
1766
3433
3742
1619
1785
1319
3634
2570
3514
2856
3804
3242
2635
3726
1160
2565
2229
3601
3727
1512
3964
1760
2252
3684
1750
2635
3701
3990
1795
3204
1524
1484
1682
1889
1058
3932
3507
1058
3324
2805
1370
2429
2350
2648
2161
1627
1273
1873
3323
3994
3950
3283
3348
1283
3604
3181
2229
1986
3560
3149
3960
2554
2797
3649
3142
3583
2810
1693
1456
2179
1697
2732
2112
3174
2397
2577
3779
2186
2566
1118
2953
1796
2302
2730
3847
1924
2909
1614
3722
3536
1003
3120
1265
1143
3570
1577
2261
1340
2653
3491
1684
3036
1501
3134
3135
1147
2796
3622
2568
3576
2084
1666
1270
1358
3384
1092
3564
2085
2476
2962
3488
1584
2464
1048
1330
3626
1225
3907
1135
2227
1889
2838
2250
2934
3645
3637
3658
2999
2352
3009
2084
1498
3800
1392
3071
3014
1439
2101
3683
2255
2496
3150
2584
3868
1386
2309
1337
1437
3996
1104
3025
2408
1680
1387
3771
3683
1510
1187
3156
3686
2379
1148
2200
2690
1652
1067
2577
2189
1300
1513
1751
3624
2022
3217
1605
2222
1909
3346
2123
3687
3043
3813
2205
1009
1080
2530
2594
2544
2608
2453
2731
2622
3969
2637
2011
1470
2974
2572
2586
1579
1152
2421
1732
1462
2529
3812
2101
1773
2736
3423
3958
3852
2427
1356
3046
2478
1744
2311
2729
2095
3775
2107
2552
2182
2368
1289
2949
1095
2130
3968
1886
1250
3340
3616
2105
1411
1150
1774
3962
2224
3208
2856
1246
1005
1761
1808
1355
3817
3709
2812
2832
3945
2822
2898
2103
2493
3179
2702
2191
2067
1688
2665
2921
3438
1476
3204
3629
2124
3069
1373
3013
1040
1529
3583
3526
2726
3859
3158
2913
3155
3028
3805
1445
1721
3657
3758
1926
1063
3654
1876
1432
2972
3037
2489
3601
3601
3277
2044
1581
3454
3165
2805
1588
2067
2461
2008
1366
3331
2426
2384
1795
1834
2410
2703
1512
1059
3232
1457
3368
2701
2124
2062
3876
2077
2557
2873
3134
1056
2567
1127
1234
3707
1570
1857
2433
3990
1853
1446
1214
2261
2380
2241
3664
1358
3192
1396
2327
1715
3071
3421
3116
2122
3287
1883
3248
2611
2070
3429
3362
2187
3775
2061
1610
2429
3963
1830
3920
1996
2969
2245
3874
3211
1606
3459
1355
2454
1758
2416
1428
2308
3450
1008
3849
3885
3120
3686
3066
1628
3398
3959
1929
2986
2140
3879
3863
2346
3046
2856
3921
3143
3431
2911
3816
2859
2151
3827
3141
3470
2229
2693
1536
3442
2989
1535
1634
3974
2059
3539
3838
3889
1519
3850
2050
2064
1033
2991
2160
2464
1908
1508
3514
1303
2340
2223
1595
3137
2284
2700
2684
3117
3800
3577
3766
2850
2633
2184
3306
3601
2632
2774
1157
3022
3981
3139
3962
3202
1358
2688
2225
2382
3976
3939
1128
3614
3114
1388
1862
1789
2751
2510
1697
1317
3904
3846
3095
2250
1008
1450
2074
2319
3538
3000
3300
3528
2350
3817
1316
2740
3019
1996
1430
1622
1284
1378
3380
3398
3272
3683
1643
1792
2496
3757
2930
1977
1004
1839
1607
3164
2832
2720
1988
3418
3533
3931
2065
1246
1128
1392
1791
2707
3014
1891
2129
3960
3996
2530
3525
2891
1622
3950
1789
2969
1301
2973
1489
1289
1435
1941
2070
2122
3144
2971
2179
1585
1253
1274
2006
3268
1608
2494
1815
3458
2131
3449
1196
3051
1733
1333
2689
3412
1063
2792
2816
1139
1595
2287
1316
3616
2733
2883
3282
3718
2998
2830
3991
3251
1685
3295
3666
1281
3791
3880
1060
1067
3826
1531
3324
3004
3931
3299
1808
2648
2340
3688
3315
1191
2949
3227
2012
2722
3353
1365
1463
1644
2160
3708
3943
1955
2198
2341
3869
1086
3527
3474
1727
1402
1472
3225
3089
3120
3693
2034
1492
1004
2991
2873
2166
2669
3035
2318
2852
2011
2131
1684
2988
1682
3994
1828
2538
3367
1221
3165
3705
2425
2384
1432
2460
1023
3642
2338
1704
1474
1575
1277
1570
2455
1309
3917
2088
3584
1071
2454
2257
3724
2780
3597
2460
3313
1169
1183
3453
3056
1329
3922
3690
1593
3410
1592
3436
1863
3372
1408
1070
1394
1471
3679
3388
1481
1814
1115
3941
2580
2615
1690
1213
1791
1312
1200
2018
3867
2544
2813
1259
3933
2531
1304
3156
2908
1927
1310
1583
2064
1976
1707
2283
1080
1714
1551
1442
1368
3683
3100
3378
2300
3328
3825
2043
1793
3083
2787
1930
1520
2490
3947
1073
1801
2220
1700
2188
3618
3793
1513
1917
2792
3187
1493
3560
1812
1662
3168
3053
1655
3835
1718
2527
3461
1088
1247
2649
1816
3527
1376
1694
1081
2830
3604
3325
3650
1413
2714
2124
1151
2314
1373
2452
1261
2043
2073
2738
1836
2412
3128
2246
1481
3777
1100
3714
3024
2350
1302
2655
3738
3234
3132
2826
3180
1662
1327
2474
2246
1449
2713
3706
2726
3113
2950
1905
2098
2497
3747
3345
1915
3588
3314
3979
3352
3092
1454
3074
1363
3428
2232
2275
1852
1154
2038
1237
3641
3379
1413
1379
2184
2993
3987
3757
3202
3496
2156
3731
2703
1460
2961
3917
1830
3447
1806
2150
1489
1060
1015
2907
1280
2916
2853
1069
3145
2861
1990
2795
1871
3234
3625
2675
1776
3375
3403
3107
1414
1856
1677
1813
1560
3269
3194
3759
1988
1995
1169
1858
1614
3117
2297
1220
1863
1200
1317
1597
3464
2802
3867
3928
1859
1704
2493
1799
1945
1251
1413
1158
3196
3052
2509
1466
1997
2262
2690
1385
1154
3939
2273
1604
1896
3686
1664
1310
3632
2349
3328
1820
3124
2629
2658
1395
1377
2036
2790
1980
1163
2736
1098
3741
1967
2741
1680
2790
1773
3024
1214
2406
2821
1214
2204
2197
1470
3908
2399
2612
3025
2804
2134
3469
1350
2719
2415
2579
2717
1492
3088
1548
2192
2483
3478
1691
3007
1619
2529
3152
2719
3032
2957
1264
3330
1598
2598
2262
1849
2801
1350
3094
3642
3191
3104
3893
2664
1995
1805
1955
2809
2083
3366
3917
2753
2865
2179
2784
3434
1006
1033
3713
1896
3461
2270
1467
2401
3338
2938
2038
3511
3831
2345
3129
1554
3150
3077
1484
1019
2531
1071
1105
3953
1569
1198
1190
1766
2263
1919
1511
3293
1951
3251
2052
2008
2854
3212
3572
2791
2162
2375
2080
2124
2099
1622
2766
1549
1710
3342
3261
2955
3885
2907
3311
3910
3133
2788
1813
1310
2925
3472
3440
3150
3972
2124
1028
2246
2061
3914
3431
2159
1133
1949
1483
3515
1403
3071
2614
3707
2893
2912
1129
2736
3063
1496
2326
1509
2415
2849
2993
3939
3894
3543
3267
1293
3247
3777
1422
2012
2484
1766
2395
1081
2536
1326
2707
1122
1525
3158
2151
1290
1712
3296
3144
1809
1413
1805
3369
1234
3772
1322
3314
3916
1118
1228
2878
3821
2413
3236
3609
1706
1094
2704
1083
2514
3557
2561
2690
2444
3135
1083
1161
2146
2345
1022
1979
1623
3840
3444
3864
2963
2048
1779
3820
2353
1514
2676
2426
1946
2897
2620
3229
1292
1255
3225
2537
1853
3304
2668
1027
3109
3763
2773
2269
3867
3607
1351
2142
1021
2761
2639
3862
3269
2238
3043
1665
2709
3703
2560
3991
3447
2076
2000
2262
1177
3119
3901
2256
2505
1902
2086
1441
2827
3033
3213
2441
2855
3063
1786
2747
1718
3815
3781
3856
3858
2216
1048
1131
3216
2189
3079
1348
2128
2875
1781
1937
1690
2540
3243
1111
1487
1997
2311
1797
1552
2311
2118
2249
2888
3840
3690
1913
2820
3953
2176
2043
2605
2334
2754
1988
1272
1052
2453
1793
2856
2901
1022
1746
1852
2541
3453
2718
2006
2855
1377
1426
2428
1883
2462
1523
1149
1594
1030
3414
3211
2158
2600
2681
3261
2352
1996
2043
1026
3211
1980
1039
1750
1613
3286
2094
2613
2944
1921
3981
2260
2049
3735
1370
3721
2912
3979
3271
1505
2898
1744
2930
1540
3559
1026
3915
3409
1576
3792
2099
1982
3154
2032
3770
3541
3045
2732
3825
3910
1341
2740
1851
3727
2249
3608
3902
3325
3783
2456
3204
1386
2061
1380
1962
3262
3428
3650
1500
1931
2209
1218
3141
1200
3541
3935
3597
2639
3314
3297
2255
1002
2207
1504
3502
1693
3084
2372
3944
3728
2075
2154
1435
2253
3225
1470
1556
1554
2405
3074
2678
2373
1754
1461
3283
3053
2483
1434
1748
3085
1487
2834
1000
1950
3157
3914
3234
2974
1563
1006
2007
1375
1719
3136
1518
1852
1194
3162
3009
2468
1789
3146
3129
2843
1838
1101
3528
3252
2537
2533
2651
3928
1596
2927
2597
2920
2485
3112
2874
1069
1306
1047
2579
3852
3539
2921
3279
2287
3122
2089
1790
3396
3494
2981
2529
1493
3217
1547
3983
2915
2309
1245
1787
1464
3774
3545
1009
3858
1634
2605
1669
3524
2049
2510
1009
3155
2372
1270
2131
3040
3397
3320
3523
2658
1299
3673
2870
2274
2804
1951
3938
1919
2134
3348
2973
3848
1816
1091
3453
2938
2685
1528
1603
2578
2909
3285
3007
2909
2031
1074
2221
2674
2904
3119
2885
2172
3614
1613
3483
3567
1594
1679
3990
1043
3568
1991
3114
1527
1523
1671
3388
2164
2625
2669
3469
3904
2045
1467
2541
3440
2774
1593
1695
1923
2450
1035
3148
3083
1840
3784
1895
2320
3695
2551
2725
2237
3418
3957
2244
1505
1470
2969
1964
2362
3864
3182
3993
3679
1368
2293
3772
2558
3844
2511
2626
3948
2722
3829
3006
1844
1803
3274
1718
2880
1369
3417
2881
1707
1718
1426
3224
2396
3331
3878
1579
1091
2790
1976
3958
2971
1043
2491
3688
3655
2873
2854
1522
3175
3324
3803
1543
2037
1107
1660
3252
2908
2860
1408
3615
1497
3303
1223
3936
1068
2355
2127
3571
1388
3619
1546
1878
1749
1601
3560
1793
2156
2752
1765
2354
1858
1577
2016
3182
3346
3603
1937
2132
3117
3353
2818
3390
3940
2003
1859
2785
1389
3972
1917
1203
1178
1221
3520
1720
2085
1893
1450
1163
1125
2620
2630
1643
3214
3708
2088
2095
1252
2441
2774
1933
3386
1870
2847
1586
2912
2501
3893
2473
1386
1024
2092
3780
2787
2165
3412
3475
2797
1406
1337
1039
1317
1016
3336
3792
2940
2453
1527
1987
2369
3006
1054
2759
2810
3634
1419
3273
2481
3161
2877
3999
3848
2669
3418
2933
2718
3743
1685
1484
1825
1393
3212
3430
1893
1204
2122
3477
2759
2995
1220
1265
1641
3121
1520
1532
1303
3996
3703
1325
1448
1688
2854
1386
2022
3841
3444
3383
3885
3475
1682
2069
3263
1313
1786
2672
1967
3492
2524
2785
3529
2692
1530
2991
2696
1267
2706
2253
2527
1958
1608
3207
2762
2375
1542
3180
1659
1316
3093
1546
1174
1021
3548
2126
1820
2982
1701
2992
1278
1068
1767
3335
2880
1153
3589
1264
2368
3410
1537
3639
2994
1186
2294
2275
1951
1119
2758
2537
2216
2605
2345
1623
2345
2563
3085
3123
3263
3778
1117
2098
2100
2450
3324
2522
1929
3743
1150
3663
3978
1884
2695
1002
1163
2739
3286
1366
3031
3550
3807
1742
2513
2421
3329
3233
2184
1669
1353
1783
3861
1615
2464
1636
3916
2331
3010
2750
2225
2322
3546
1627
2514
2933
3400
